17:13:16 116 1.439159 1.465597 1.233536
17:13:16 117 1.365480 1.415120 1.263589
17:13:16 118 1.294869 1.367307 1.291555
17:13:16 119 1.227463 1.319821 1.317161
17:13:16 120 1.165083 1.275206 1.344717
17:13:16 121 1.104258 1.229977 1.365453
17:13:16 122 1.040121 1.192815 1.418658
17:13:16 123 0.961464 1.088714 1.562160
17:13:16 124 0.929318 1.060677 1.626140
17:13:16 125 0.865139 0.995315 1.664345
17:13:16 126 0.822372 0.939019 1.690167
17:13:16 127 0.780534 0.889430 1.725738
17:13:16 128 0.744252 0.834521 1.749412
17:13:16 129 0.703483 0.799395 1.771819
17:13:16 130 0.693215 0.758926 1.807131
17:13:16 131 0.663691 0.718131 1.815713
17:13:16 132 0.641319 0.682696 1.846583
17:13:16 133 0.604473 0.650503 1.866937
17:13:16 134 0.602880 0.645148 1.899821
17:13:16 135 0.568689 0.619067 1.903471
17:13:16 136 0.555715 0.603504 1.932266
17:13:16 137 0.545185 0.574665 1.938074
17:13:16 138 0.520934 0.551630 1.958070
17:13:16 139 0.486569 0.565682 1.926906
17:13:16 140 0.462081 0.544782 1.945640
17:13:16 141 0.443399 0.524706 1.963984
17:13:16 142 0.453096 0.517062 1.961710
17:13:16 143 0.425209 0.513266 1.957577
17:13:16 144 0.405638 0.513326 1.951832
17:13:16 145 0.397702 0.505276 1.950559
17:13:16 146 0.375683 0.488710 1.957177
17:13:16 147 0.356967 0.472947 1.969553
17:13:16 148 0.443099 0.533894 1.947894
17:13:16 149 0.422925 0.521509 1.956304
17:13:16 150 0.423211 0.519988 1.949237
17:13:17 151 0.426951 0.521970 1.958105
17:13:17 152 0.489101 0.588484 1.901648
17:13:17 153 0.480171 0.571261 1.905258
17:13:17 154 0.517774 0.589072 1.881531
17:13:17 155 0.525761 0.599008 1.866032
17:13:17 156 0.533809 0.620197 1.862338
17:13:17 157 0.517016 0.596749 1.884209
17:13:17 158 0.519950 0.615394 1.875905
17:13:17 159 0.507280 0.606188 1.878455
17:13:17 160 0.595565 0.669315 1.850920
17:13:17 161 0.603408 0.693168 1.831437
17:13:17 162 0.612184 0.702195 1.808013
17:13:17 163 0.606780 0.698723 1.813305
17:13:17 164 0.599418 0.690914 1.818350
17:13:17 165 0.593910 0.685392 1.825276
17:13:17 166 0.729766 0.815465 1.741330
17:13:17 167 0.725150 0.813602 1.744339
17:13:17 168 0.722523 0.810842 1.745852
17:13:17 169 0.753947 0.843942 1.716734
17:13:17 170 0.811768 0.904457 1.648327
17:13:17 171 0.808384 0.900259 1.652296
17:13:17 172 0.804699 0.894781 1.655223
17:13:17 173 0.828881 0.934065 1.618647
17:13:17 174 0.880469 1.018286 1.560125
17:13:17 175 0.878806 1.015144 1.560441
17:13:17 176 0.878000 1.014715 1.563123
17:13:17 177 1.005354 1.094227 1.509179
17:13:17 178 0.872926 1.009550 1.565963
17:13:17 179 0.870000 1.007274 1.567014
17:13:17 180 1.001461 1.092359 1.510469
17:13:17 181 1.049942 1.143218 1.483383
17:13:17 182 1.052122 1.143549 1.486610
17:13:17 183 1.052075 1.142278 1.490219
17:13:17 184 1.006044 1.093249 1.529161
17:13:17 185 1.006084 1.092970 1.527648
17:13:17 186 1.006651 1.092213 1.529158
17:13:17 187 1.055877 1.139974 1.487247
17:13:18 188 1.054886 1.140042 1.486148
17:13:18 189 0.965863 1.051992 1.553905
17:13:18 190 0.964845 1.050070 1.555079
17:13:18 191 0.925360 1.015503 1.587579
17:13:18 192 0.959552 1.049997 1.550206
17:13:18 193 0.924187 1.018572 1.583193
17:13:18 194 0.927097 1.033329 1.577250
17:13:18 195 0.923026 1.009976 1.627751
17:13:18 196 0.922855 1.010862 1.623874
17:13:18 197 0.925431 1.012289 1.623702
17:13:18 198 0.928923 1.016795 1.618963
17:13:18 199 0.907707 0.996770 1.635700
17:13:18 200 1.039006 1.089764 1.596961
17:13:18 201 1.101347 1.133041 1.570651
17:13:18 202 1.101067 1.135745 1.570723
17:13:18 203 1.045584 1.083703 1.601379
17:13:18 204 1.048342 1.087585 1.601629
17:13:18 205 0.985520 1.047430 1.614406
17:13:18 206 1.047863 1.089231 1.601231
17:13:18 207 0.985399 1.047377 1.615080
17:13:18 208 0.955852 1.019831 1.641738
17:13:18 209 0.957575 1.025131 1.637337
17:13:18 210 0.957802 1.026386 1.637232
17:13:18 211 1.016756 1.067501 1.620009
17:13:18 212 1.017788 1.070085 1.620424
17:13:18 213 0.936877 1.013593 1.645501
17:13:18 214 1.014885 1.068591 1.618421
17:13:18 215 1.016342 1.067047 1.622771
17:13:18 216 1.015591 1.066389 1.623803
17:13:18 217 1.017137 1.068157 1.620513
17:13:18 218 1.014039 1.065429 1.620724
17:13:18 219 1.013661 1.063916 1.620348
17:13:18 220 1.016141 1.073449 1.611244
17:13:18 221 1.017444 1.065871 1.619528
17:13:18 222 1.019273 1.068311 1.618007
17:13:18 223 1.019795 1.070269 1.616389
17:13:19 224 1.021970 1.072149 1.615276
17:13:19 225 1.021460 1.071978 1.615851
17:13:19 226 1.022925 1.073907 1.615572
17:13:19 227 1.019657 1.071202 1.616549
17:13:19 228 1.023212 1.074077 1.615369
17:13:19 229 1.026785 1.077809 1.614983
17:13:19 230 1.028084 1.081692 1.613747
17:13:19 231 1.026522 1.080165 1.614671
17:13:19 232 1.027227 1.078468 1.616846
17:13:19 233 1.026231 1.077868 1.615604
17:13:19 234 1.026540 1.079615 1.613544
17:13:19 235 1.025599 1.079354 1.614390
17:13:19 236 1.025939 1.079809 1.614277
17:13:19 237 1.026499 1.080575 1.611013
17:13:19 238 1.026906 1.080361 1.613293
17:13:19 239 1.028130 1.077733 1.615717
17:13:19 240 1.029023 1.077549 1.615014
17:13:19 241 1.105501 1.128103 1.587044
17:13:19 242 1.226694 1.211622 1.525959
17:13:19 243 1.226145 1.207284 1.528605
17:13:19 244 1.225931 1.205916 1.529842
17:13:19 245 1.214353 1.200162 1.518493
17:13:19 246 1.208084 1.202364 1.519174
17:13:19 247 1.226481 1.206323 1.528103
17:13:19 248 1.244131 1.223606 1.489680
17:13:19 249 1.209258 1.202134 1.520268
17:13:19 250 1.263010 1.236595 1.499267
17:13:19 251 1.220775 1.208389 1.524264
17:13:19 252 1.260331 1.235240 1.500608
17:13:19 253 1.105850 1.126746 1.589981
17:13:19 254 1.105580 1.128858 1.588264
17:13:19 255 1.186980 1.185591 1.549095
17:13:19 0 1.225509 1.211051 1.527393
17:13:19 1 1.104348 1.128611 1.588230
17:13:19 2 1.184617 1.182390 1.551442
17:13:19 3 1.183888 1.179839 1.553257
17:13:19 4 1.182578 1.178424 1.553826
17:13:20 5 1.130909 1.146029 1.568590
17:13:20 6 1.048075 1.087905 1.599348
17:13:20 7 1.127952 1.143016 1.570946
17:13:20 8 1.250925 1.227529 1.507519
17:13:20 9 1.208185 1.199041 1.532847
17:13:20 10 1.248850 1.224462 1.509906
17:13:20 11 1.247750 1.224002 1.509591
17:13:20 12 1.249448 1.225233 1.507047
17:13:20 13 1.248331 1.224081 1.507489
17:13:20 14 1.248023 1.224440 1.507278
17:13:20 15 1.247660 1.224891 1.507847
17:13:20 16 1.211987 1.194738 1.535659
17:13:20 17 1.210461 1.198189 1.535816
17:13:20 18 1.089960 1.116176 1.599044
17:13:20 19 1.171019 1.172098 1.560270
17:13:20 20 1.246979 1.237742 1.507151
17:13:20 21 1.119337 1.148901 1.575129
17:13:20 22 1.007939 1.063532 1.621995
17:13:20 23 1.006387 1.061913 1.624461
17:13:20 24 1.007407 1.062850 1.625304
17:13:20 25 1.038703 1.095147 1.605923
17:13:20 26 1.040771 1.094811 1.605241
17:13:20 27 1.009909 1.061815 1.631029
17:13:20 28 1.008187 1.060095 1.632110
17:13:20 29 1.008395 1.060086 1.631084
17:13:20 30 1.042412 1.095700 1.603179
17:13:20 31 1.047066 1.103291 1.599141
17:13:20 32 1.013838 1.067864 1.625454
17:13:20 33 1.014869 1.066641 1.625552
17:13:20 34 1.093452 1.117511 1.599460
17:13:20 35 1.093366 1.115357 1.600565
17:13:20 36 1.207851 1.199746 1.533589
17:13:20 37 1.124664 1.140851 1.575198
17:13:20 38 1.210424 1.198325 1.535136
17:13:20 39 1.210896 1.197917 1.534434
17:13:20 40 1.127253 1.137989 1.575952
17:13:21 41 1.252300 1.225702 1.509092
17:13:21 42 1.209771 1.197111 1.533837
17:13:21 43 1.247758 1.222724 1.509904
17:13:21 44 1.248399 1.225564 1.508072
17:13:21 45 1.211319 1.194124 1.537099
17:13:21 46 1.211295 1.194045 1.535985
17:13:21 47 1.208537 1.192203 1.538206
17:13:21 48 1.209506 1.193958 1.537369
17:13:21 49 1.206572 1.197492 1.534581
17:13:21 50 1.123725 1.137234 1.577063
17:13:21 51 1.248163 1.223303 1.510815
17:13:21 52 1.206285 1.196337 1.534624
17:13:21 53 1.248182 1.225263 1.507088
17:13:21 54 1.191781 1.189949 1.529746
17:13:21 55 1.192489 1.189338 1.525935
17:13:21 56 1.191483 1.189706 1.526529
17:13:21 57 1.192967 1.191754 1.526061
17:13:21 58 1.193950 1.191890 1.525710
17:13:21 59 1.068040 1.104584 1.592551
17:13:21 60 1.198264 1.195029 1.522732
17:13:21 61 1.157416 1.167901 1.548886
17:13:21 62 0.984649 1.047546 1.619947
17:13:21 63 0.985214 1.047894 1.620222
17:13:21 64 0.956821 1.020657 1.646776
17:13:21 65 0.958078 1.024056 1.645253
17:13:21 66 0.959366 1.026152 1.642427
17:13:21 67 0.960662 1.026431 1.643593
17:13:21 68 1.020624 1.065285 1.619574
17:13:21 69 1.020731 1.068792 1.618316
17:13:21 70 1.021692 1.070917 1.615410
17:13:21 71 1.019622 1.071320 1.614986
17:13:21 72 1.019155 1.072282 1.613445
17:13:21 73 1.019804 1.074226 1.612804
17:13:21 74 1.020273 1.069494 1.619042
17:13:21 75 1.019554 1.072844 1.617041
17:13:21 76 1.020735 1.075798 1.616565
17:13:21 77 1.021430 1.075707 1.615416
17:13:22 78 1.022588 1.076808 1.615588
17:13:22 79 1.022299 1.076923 1.616302
17:13:22 80 1.023728 1.079909 1.615014
17:13:22 81 1.022163 1.078841 1.613990
17:13:22 82 1.021807 1.080040 1.614194
17:13:22 83 1.021476 1.078661 1.616584
17:13:22 84 1.023673 1.081291 1.615235
17:13:22 85 1.024288 1.080785 1.616402
17:13:22 86 1.023712 1.080347 1.614542
17:13:22 87 1.025491 1.081434 1.613261
17:13:22 88 1.025434 1.080850 1.613019
17:13:22 89 1.024827 1.080412 1.614095
17:13:22 90 1.027964 1.082298 1.611278
17:13:22 91 1.026751 1.080391 1.611587
17:13:22 92 1.027735 1.080809 1.609493
17:13:22 93 1.029619 1.080694 1.611066
17:13:22 94 1.029128 1.079692 1.612176
17:13:22 95 1.027706 1.080799 1.611064
17:13:22 96 1.026320 1.078505 1.610556
17:13:22 97 1.189580 1.193295 1.541938
17:13:22 98 1.225519 1.218099 1.521727
17:13:22 99 1.226302 1.218302 1.522400
17:13:22 100 1.228666 1.219240 1.521525
17:13:22 101 1.229015 1.221113 1.518997
17:13:22 102 1.228006 1.220915 1.518526
17:13:22 103 1.228083 1.221820 1.518919
17:13:22 104 1.227485 1.222429 1.518141
17:13:22 105 1.188955 1.196860 1.538979
17:13:22 106 1.029062 1.085169 1.606029
17:13:22 107 1.229958 1.225266 1.516993
17:13:22 108 1.109871 1.141279 1.577636
17:13:22 109 1.110263 1.139865 1.577464
17:13:22 110 1.031131 1.085733 1.606129
17:13:22 111 1.031317 1.085819 1.606704
17:13:22 112 1.031608 1.088126 1.605453
17:13:22 113 1.032796 1.088400 1.606011
17:13:22 114 1.033502 1.089310 1.606983
17:13:23 115 1.032831 1.086949 1.610427
17:13:23 116 1.032624 1.086419 1.611011
17:13:23 117 1.031922 1.088296 1.610009
17:13:23 118 1.030743 1.087873 1.609783
17:13:23 119 1.029269 1.087263 1.609633
17:13:23 120 0.922136 1.014733 1.652443
17:13:23 121 0.920876 1.012706 1.655212
17:13:23 122 0.921454 1.013858 1.654690
17:13:23 123 0.921121 1.011882 1.653527
17:13:23 124 0.920855 1.013751 1.652179
17:13:23 125 0.919167 1.010244 1.655887
17:13:23 126 0.920015 1.012078 1.655552
17:13:23 127 0.919416 1.012193 1.656833
17:13:23 128 0.920061 1.013315 1.656073
17:13:23 129 0.920395 1.014602 1.657294
17:13:23 130 0.918572 1.010338 1.660110
17:13:23 131 0.920770 1.013531 1.660031
17:13:23 132 0.901695 0.986848 1.673102
17:13:23 133 0.869644 0.933186 1.698693
17:13:23 134 0.870838 0.934895 1.699433
17:13:23 135 0.922347 1.013568 1.660129
17:13:23 136 0.870573 0.933391 1.698471
17:13:23 137 0.902754 0.989663 1.669188
17:13:23 138 0.903957 0.989690 1.670454
17:13:23 139 0.921550 1.016377 1.655798
17:13:23 140 0.921410 1.013655 1.656595
17:13:23 141 0.919407 1.011008 1.659669
17:13:23 142 0.921605 1.013746 1.658711
17:13:23 143 0.923405 1.015575 1.658497
17:13:23 144 0.926669 1.017271 1.656443
17:13:23 145 0.924735 1.015360 1.655897
17:13:23 146 0.925480 1.016253 1.656801
17:13:23 147 0.924043 1.016711 1.658340
17:13:23 148 0.924690 1.017756 1.656483
17:13:23 149 0.923461 1.017130 1.656506
17:13:23 150 0.900137 1.001180 1.665241
17:13:24 151 0.882806 0.974741 1.678942
17:13:24 152 0.901771 1.001364 1.664253
17:13:24 153 0.900184 1.000289 1.663611
17:13:24 154 0.883409 0.992001 1.679856
17:13:24 155 0.931970 1.028117 1.668018
17:13:24 156 0.829137 0.927714 1.714848
17:13:24 157 0.852201 0.962178 1.708017
17:13:24 158 0.842560 0.951963 1.704767
17:13:24 159 0.875345 0.986483 1.676846
17:13:24 160 0.900590 1.002702 1.661957
17:13:24 161 0.898854 0.999159 1.664791
17:13:24 162 0.900354 1.000982 1.664063
17:13:24 163 0.924631 1.020240 1.653381
17:13:24 164 0.923566 1.016926 1.655529
17:13:24 165 0.923844 1.014608 1.657372
17:13:24 166 0.922266 1.011865 1.657345
17:13:24 167 0.919734 1.011361 1.656794
17:13:24 168 0.996467 1.063885 1.630288
17:13:24 169 0.919558 1.011998 1.656312
17:13:24 170 0.920242 1.013941 1.657527
17:13:24 171 0.918329 1.010390 1.659503
17:13:24 172 0.919631 1.012496 1.661574
17:13:24 173 0.917664 1.007513 1.663844
17:13:24 174 0.919694 1.009789 1.662553
17:13:24 175 0.919928 1.010580 1.663220
17:13:24 176 0.920532 1.010172 1.663191
17:13:24 177 0.920154 1.008990 1.662796
17:13:24 178 0.919990 1.006340 1.664672
17:13:24 179 0.950817 1.029601 1.645070
17:13:24 180 0.952796 1.030444 1.644076
17:13:24 181 0.952308 1.025534 1.646238
17:13:24 182 0.951712 1.020527 1.648759
17:13:24 183 0.951017 1.017456 1.650428
17:13:24 184 0.951683 1.019358 1.651399
17:13:24 185 0.950142 1.017639 1.652733
17:13:24 186 0.949594 1.016040 1.654709
17:13:24 187 0.949012 1.016697 1.655529
17:13:25 188 0.950054 1.017714 1.653721
17:13:25 189 0.945891 1.014143 1.655066
17:13:25 190 0.946099 1.016046 1.656612
17:13:25 191 0.946589 1.017335 1.657662
17:13:25 192 0.920551 1.001674 1.673004
17:13:25 193 0.918963 1.001983 1.672460
17:13:25 194 0.918577 1.002448 1.670697
17:13:25 195 0.917765 1.001627 1.669764
17:13:25 196 0.945615 1.022634 1.649431
17:13:25 197 0.942652 1.021532 1.649743
17:13:25 198 0.940993 1.021410 1.647261
17:13:25 199 1.021093 1.079202 1.621962
17:13:25 200 1.021051 1.076559 1.622541
17:13:25 201 1.018749 1.075022 1.622601
17:13:25 202 1.017458 1.075819 1.622347
17:13:25 203 1.016030 1.073599 1.623103
17:13:25 204 1.015797 1.073769 1.622487
17:13:25 205 1.017295 1.074143 1.623770
17:13:25 206 1.017336 1.074642 1.623767
17:13:25 207 1.019414 1.076392 1.622364
17:13:25 208 1.019028 1.076714 1.620458
17:13:25 209 1.019211 1.077433 1.618116
17:13:25 210 1.018496 1.077619 1.617604
17:13:25 211 1.018547 1.080243 1.615889
17:13:25 212 0.988213 1.049249 1.633935
17:13:25 213 0.985750 1.046755 1.635596
17:13:25 214 1.178394 1.191775 1.539929
17:13:25 215 1.216247 1.218244 1.517001
17:13:25 216 1.216436 1.218764 1.516068
17:13:25 217 1.142780 1.158007 1.565554
17:13:25 218 1.178927 1.181808 1.544976
17:13:25 219 1.179350 1.182474 1.544537
17:13:25 220 1.177354 1.179550 1.546932
17:13:25 221 1.178147 1.179421 1.546597
17:13:25 222 1.062916 1.100860 1.606762
17:13:25 223 1.215196 1.218078 1.515904
17:13:26 224 1.093127 1.133294 1.581513
17:13:26 225 1.092780 1.133146 1.582277
17:13:26 226 1.092350 1.134393 1.581793
17:13:26 227 1.013307 1.077257 1.612800
17:13:26 228 1.140396 1.154668 1.567979
17:13:26 229 1.061730 1.097350 1.608677
17:13:26 230 1.140248 1.152972 1.569691
17:13:26 231 1.139948 1.151837 1.570848
17:13:26 232 1.141780 1.152349 1.569774
17:13:26 233 1.178054 1.173916 1.548781
17:13:26 234 1.179805 1.176082 1.547957
17:13:26 235 1.177277 1.173370 1.550759
17:13:26 236 1.177216 1.173479 1.550111
17:13:26 237 1.177548 1.174479 1.548528
17:13:26 238 1.181268 1.176872 1.546019
17:13:26 239 1.180798 1.173436 1.547352
17:13:26 240 1.181876 1.174880 1.546155
17:13:26 241 1.162400 1.174509 1.546840
17:13:26 242 1.218264 1.209542 1.524897
17:13:26 243 1.165770 1.176702 1.544496
17:13:26 244 1.219936 1.210234 1.523684
17:13:26 245 1.219112 1.209601 1.524257
17:13:26 246 1.218991 1.211240 1.522514
17:13:26 247 1.130817 1.143332 1.563137
17:13:26 248 1.215602 1.207216 1.526127
17:13:26 249 1.183818 1.177725 1.541402
17:13:26 250 1.185599 1.180820 1.539991
17:13:26 251 1.220555 1.215447 1.521087
17:13:26 252 1.221546 1.215541 1.521326
17:13:26 253 1.101696 1.131704 1.583510
17:13:26 254 1.020920 1.074949 1.614043
17:13:26 255 1.020252 1.076881 1.614222
17:13:26 0 0.991633 1.049104 1.631298
17:13:26 1 1.180231 1.180538 1.544182
17:13:26 2 1.062876 1.100924 1.605337
17:13:26 3 1.095774 1.135195 1.579380
17:13:26 4 1.178899 1.177445 1.548102
17:13:27 5 1.177006 1.185081 1.550432
17:13:27 6 1.096638 1.129501 1.590501
17:13:27 7 1.179960 1.187130 1.548855
17:13:27 8 1.178819 1.186557 1.548760
17:13:27 9 1.216662 1.212499 1.526197
17:13:27 10 1.215186 1.211863 1.526488
17:13:27 11 1.214556 1.208855 1.528128
17:13:27 12 1.093792 1.124739 1.591075
17:13:27 13 1.214289 1.208537 1.528687
17:13:27 14 1.015709 1.068962 1.620958
17:13:27 15 1.096423 1.126715 1.590676
17:13:27 16 1.179215 1.184950 1.549660
17:13:27 17 1.096600 1.127683 1.590831
17:13:27 18 1.097371 1.128931 1.590768
17:13:27 19 1.018277 1.072680 1.620770
17:13:27 20 1.097737 1.127285 1.592328
17:13:27 21 1.050366 1.106240 1.595784
17:13:27 22 1.050216 1.105911 1.596389
17:13:27 23 1.049975 1.107036 1.595092
17:13:27 24 1.018612 1.072868 1.621758
17:13:27 25 1.050832 1.109899 1.593620
17:13:27 26 1.049631 1.107821 1.595919
17:13:27 27 1.050219 1.109133 1.594715
17:13:27 28 1.047102 1.103987 1.595819
17:13:27 29 1.049711 1.108287 1.596080
17:13:27 30 1.019444 1.074442 1.623668
17:13:27 31 1.019008 1.075432 1.621411
17:13:27 32 1.016048 1.071500 1.622708
17:13:27 33 1.017698 1.071315 1.621546
17:13:27 34 1.018722 1.073492 1.620738
17:13:27 35 1.018777 1.070396 1.620618
17:13:27 36 1.100131 1.126635 1.590124
17:13:27 37 1.022318 1.071617 1.618154
17:13:27 38 1.019927 1.067513 1.619974
17:13:27 39 1.098776 1.123718 1.590492
17:13:27 40 1.017864 1.067705 1.619481
17:13:28 41 1.015957 1.064400 1.621230
17:13:28 42 0.957566 1.025858 1.646827
17:13:28 43 0.957197 1.024348 1.646853
17:13:28 44 0.958112 1.027442 1.645510
17:13:28 45 1.160375 1.167000 1.553808
17:13:28 46 1.123038 1.139865 1.577550
17:13:28 47 1.037350 1.079259 1.618090
17:13:28 48 1.036091 1.080746 1.617433
17:13:28 49 1.092866 1.114862 1.594526
17:13:28 50 1.012197 1.060330 1.622628
17:13:28 51 1.013650 1.061239 1.622702
17:13:28 52 1.175642 1.175855 1.553717
17:13:28 53 1.036559 1.083541 1.613682
17:13:28 54 1.158203 1.169482 1.551523
17:13:28 55 1.174707 1.178333 1.550641
17:13:28 56 1.211343 1.203600 1.529458
17:13:28 57 1.210667 1.202960 1.530123
17:13:28 58 1.211357 1.201743 1.530093
17:13:28 59 1.208607 1.199722 1.532187
17:13:28 60 1.207865 1.200034 1.533606
17:13:28 61 1.208062 1.197976 1.534622
17:13:28 62 1.207375 1.196044 1.534650
17:13:28 63 1.153230 1.161529 1.556850
17:13:28 64 1.210418 1.197244 1.534376
17:13:28 65 1.211538 1.198225 1.533891
17:13:28 66 1.210809 1.198304 1.534213
17:13:28 67 1.212095 1.201207 1.532406
17:13:28 68 1.210353 1.197610 1.534990
17:13:28 69 1.209638 1.195768 1.535583
17:13:28 70 1.090878 1.113430 1.597054
17:13:28 71 1.173041 1.170894 1.558647
17:13:28 72 1.173415 1.171054 1.557544
17:13:28 73 1.090952 1.114889 1.596680
17:13:28 74 1.091404 1.114671 1.597284
17:13:28 75 1.011902 1.060406 1.625749
17:13:28 76 1.010662 1.058822 1.627421
17:13:28 77 1.012766 1.060165 1.627877
17:13:29 78 1.014892 1.061195 1.627881
17:13:29 79 1.015554 1.060768 1.627279
17:13:29 80 1.015591 1.060032 1.627718
17:13:29 81 1.016564 1.065535 1.621439
17:13:29 82 0.956354 1.026326 1.646900
17:13:29 83 0.956676 1.023120 1.647935
17:13:29 84 0.958357 1.024055 1.649592
17:13:29 85 0.893350 0.980578 1.667623
17:13:29 86 0.957497 1.022099 1.641325
17:13:29 87 0.875952 0.970896 1.675646
17:13:29 88 0.960655 1.030993 1.642681
17:13:29 89 0.958193 1.031104 1.640390
17:13:29 90 0.958678 1.032164 1.641541
17:13:29 91 1.016621 1.061169 1.623781
17:13:29 92 1.015002 1.061196 1.624534
17:13:29 93 1.159299 1.166166 1.552564
17:13:29 94 1.159064 1.171997 1.545436
17:13:29 95 1.159583 1.172641 1.543975
17:13:29 96 1.159062 1.171479 1.544343
17:13:29 97 1.160584 1.172115 1.543985
17:13:29 98 1.160348 1.173194 1.543974
17:13:29 99 1.214278 1.202902 1.529657
17:13:29 100 1.178835 1.169276 1.549444
17:13:29 101 1.141773 1.144548 1.571989
17:13:29 102 1.010119 1.061146 1.625200
17:13:29 103 1.011593 1.062676 1.625642
17:13:29 104 1.060124 1.088462 1.611622
17:13:29 105 1.011473 1.063727 1.622911
17:13:29 106 1.091792 1.119279 1.592720
17:13:29 107 1.174928 1.178149 1.551594
17:13:29 108 1.214514 1.203692 1.528938
17:13:29 109 1.215751 1.203073 1.529659
17:13:29 110 1.215138 1.205199 1.524945
17:13:29 111 1.214077 1.199265 1.530840
17:13:29 112 1.158782 1.165625 1.552172
17:13:29 113 1.212728 1.199528 1.531527
17:13:30 114 1.214191 1.200166 1.531628
17:13:30 115 1.212095 1.198384 1.531930
17:13:30 116 1.212530 1.197162 1.532269
17:13:30 117 1.212086 1.197854 1.533611
17:13:30 118 1.211654 1.197489 1.533034
17:13:30 119 1.213116 1.199199 1.532018
17:13:30 120 1.213000 1.196085 1.534936
17:13:30 121 1.213506 1.198785 1.535120
17:13:30 122 1.213924 1.199980 1.533865
17:13:30 123 1.174881 1.173745 1.557532
17:13:30 124 1.175504 1.173362 1.557974
17:13:30 125 1.246648 1.225898 1.508438
17:13:30 126 1.122428 1.139737 1.574761
17:13:30 127 1.123482 1.139580 1.575250
17:13:30 128 1.042749 1.082958 1.603717
17:13:30 129 1.124260 1.140177 1.574154
17:13:30 130 1.015539 1.061021 1.627746
17:13:30 131 1.014290 1.060093 1.627126
17:13:30 132 1.016855 1.062580 1.627317
17:13:30 133 1.017700 1.061528 1.627525
17:13:30 134 1.020329 1.064121 1.626440
17:13:30 135 1.048901 1.087628 1.601540
17:13:30 136 1.023773 1.071831 1.620478
17:13:30 137 1.023302 1.063445 1.625821
17:13:30 138 1.023516 1.066151 1.625664
17:13:30 139 1.020073 1.063502 1.627487
17:13:30 140 1.048068 1.088835 1.601946
17:13:30 141 1.019740 1.064931 1.625948
17:13:30 142 1.020260 1.066752 1.624442
17:13:30 143 1.020395 1.067151 1.622571
17:13:30 144 1.020263 1.064973 1.625017
17:13:30 145 1.022326 1.065016 1.624551
17:13:30 146 1.022631 1.067214 1.622174
17:13:30 147 1.021539 1.065224 1.623982
17:13:30 148 1.049790 1.088706 1.600994
17:13:30 149 1.021802 1.063444 1.624548
17:13:30 150 1.046316 1.086244 1.599769
17:13:31 151 1.254304 1.230351 1.504465
17:13:31 152 1.218747 1.200620 1.532522
17:13:31 153 1.218805 1.201912 1.530937
17:13:31 154 1.218646 1.202619 1.531853
17:13:31 155 1.220362 1.203510 1.530362
17:13:31 156 1.181442 1.178798 1.553517
17:13:31 157 1.021078 1.066361 1.621702
17:13:31 158 1.021568 1.065216 1.623115
17:13:31 159 1.049131 1.088276 1.598526
17:13:31 160 1.022169 1.065093 1.622139
17:13:31 161 1.021989 1.064605 1.622237
17:13:31 162 1.023082 1.065528 1.621756
17:13:31 163 1.023000 1.067580 1.621922
17:13:31 164 1.022405 1.067925 1.623642
17:13:31 165 1.022996 1.068399 1.624362
17:13:31 166 1.024048 1.069727 1.623826
17:13:31 167 1.022186 1.069760 1.625958
17:13:31 168 1.020666 1.070006 1.625803
17:13:31 169 1.019584 1.067703 1.626261
17:13:31 170 1.018614 1.066211 1.627715
17:13:31 171 1.018257 1.065004 1.627570
17:13:31 172 1.018204 1.064169 1.627028
17:13:31 173 1.017084 1.063260 1.627886
17:13:31 174 1.015487 1.063913 1.627693
17:13:31 175 1.013476 1.065207 1.626995
17:13:31 176 1.012349 1.065265 1.625947
17:13:31 177 1.012146 1.065043 1.625199
17:13:31 178 1.016951 1.068063 1.623661
17:13:31 179 1.017764 1.068694 1.624991
17:13:31 180 1.020062 1.069793 1.625597
17:13:31 181 0.959148 1.026556 1.639427
17:13:31 182 0.985177 1.054891 1.611153
17:13:31 183 0.987783 1.051891 1.617574
17:13:31 184 0.989556 1.053588 1.617819
17:13:31 185 0.990445 1.057855 1.614353
17:13:31 186 0.990166 1.058297 1.613687
17:13:32 187 0.990831 1.054568 1.618997
17:13:32 188 0.987365 1.051838 1.619380
17:13:32 189 0.985645 1.049442 1.621148
17:13:32 190 0.983576 1.048506 1.622577
17:13:32 191 0.985547 1.049257 1.625186
17:13:32 192 0.988386 1.051001 1.623170
17:13:32 193 0.989103 1.050983 1.625145
17:13:32 194 0.988826 1.050660 1.626199
17:13:32 195 0.960358 1.025963 1.649753
17:13:32 196 0.958579 1.025660 1.648512
17:13:32 197 0.961881 1.031805 1.645627
17:13:32 198 0.960024 1.029656 1.644900
17:13:32 199 0.958909 1.030114 1.643787
17:13:32 200 0.957645 1.030815 1.641363
17:13:32 201 0.958742 1.032408 1.640833
17:13:32 202 0.939080 1.016417 1.652470
17:13:32 203 0.941604 1.018068 1.650183
17:13:32 204 0.941832 1.020000 1.649608
17:13:32 205 0.941429 1.020325 1.648586
17:13:32 206 1.022751 1.076311 1.622543
17:13:32 207 1.022833 1.077464 1.621765
17:13:32 208 1.021904 1.076521 1.620721
17:13:32 209 1.023036 1.077104 1.618528
17:13:32 210 1.023478 1.076899 1.619757
17:13:32 211 0.943658 1.020717 1.646965
17:13:32 212 0.946458 1.023174 1.647837
17:13:32 213 0.947307 1.022981 1.647399
17:13:32 214 0.947311 1.023459 1.647480
17:13:32 215 0.921188 1.004434 1.666366
17:13:32 216 0.949119 1.023716 1.648434
17:13:32 217 0.949557 1.025133 1.647181
17:13:32 218 0.947595 1.022547 1.648519
17:13:32 219 0.946085 1.021847 1.648949
17:13:32 220 0.946246 1.019910 1.649096
17:13:32 221 1.024560 1.073038 1.621542
17:13:32 222 1.024925 1.072489 1.621211
17:13:32 223 1.022136 1.070249 1.621860
17:13:33 224 1.023102 1.070940 1.622023
17:13:33 225 0.941214 1.014226 1.648267
17:13:33 226 1.022407 1.070391 1.621327
17:13:33 227 0.940644 1.010132 1.650085
17:13:33 228 1.022122 1.068296 1.622412
17:13:33 229 1.019531 1.065504 1.622937
17:13:33 230 1.019366 1.064577 1.622794
17:13:33 231 1.020455 1.064893 1.623718
17:13:33 232 1.021480 1.066364 1.625092
17:13:33 233 1.022226 1.066387 1.622704
17:13:33 234 1.019667 1.063826 1.624162
17:13:33 235 1.020481 1.063812 1.625275
17:13:33 236 1.022133 1.066010 1.623512
17:13:33 237 1.020707 1.064457 1.625504
17:13:33 238 1.020756 1.065129 1.625406
17:13:33 239 1.023149 1.068270 1.624925
17:13:33 240 0.941746 1.012386 1.652120
17:13:33 241 0.944381 1.015595 1.651668
17:13:33 242 0.945614 1.016056 1.654154
17:13:33 243 0.944592 1.018648 1.652527
17:13:33 244 0.943149 1.018731 1.651719
17:13:33 245 0.917644 1.005194 1.665545
17:13:33 246 0.919309 1.006540 1.665359
17:13:33 247 0.918066 1.003735 1.664198
17:13:33 248 0.943645 1.019780 1.647735
17:13:33 249 0.941831 1.017336 1.649656
17:13:33 250 0.915508 1.002109 1.664306
17:13:33 251 0.914426 1.000441 1.666078
17:13:33 252 0.912378 0.998197 1.667738
17:13:33 253 0.937284 1.015010 1.650519
17:13:33 254 1.018094 1.070034 1.625155
17:13:33 255 1.017957 1.067634 1.627109
17:13:33 0 0.937590 1.009155 1.654684
17:13:33 1 0.938338 1.008747 1.656114
17:13:33 2 0.939749 1.009080 1.653935
17:13:33 3 0.938475 1.006333 1.656989
17:13:34 4 0.941059 1.007790 1.656629
17:13:34 5 0.938992 1.009151 1.656106
17:13:34 6 1.022136 1.065779 1.629403
17:13:34 7 0.940922 1.009773 1.654623
17:13:34 8 1.022218 1.067372 1.627703
17:13:34 9 1.019389 1.065818 1.627853
17:13:34 10 1.019305 1.068301 1.627229
17:13:34 11 1.020169 1.070564 1.624421
17:13:34 12 1.019264 1.068786 1.625023
17:13:34 13 1.019747 1.068281 1.624998
17:13:34 14 1.019105 1.068097 1.625658
17:13:34 15 0.938972 1.013066 1.650716
17:13:34 16 1.016006 1.067359 1.625478
17:13:34 17 1.016561 1.068009 1.624242
17:13:34 18 1.013977 1.067058 1.622916
17:13:34 19 1.015492 1.069379 1.622248
