189 0.863964 0.963304 1.132082
190 1.055890 1.108801 1.072636
191 1.235982 1.250350 1.054230
192 1.143438 1.200784 1.227389
193 1.149992 1.129928 1.047224
194 0.982395 1.132175 1.072198
195 1.324055 1.334149 1.162006
196 1.030858 0.975044 0.954895
197 1.019646 1.043451 1.014340
198 1.274902 1.297191 1.162956
199 1.014989 0.972480 1.097695
200 1.262717 1.262232 1.074407
201 1.259300 1.279730 1.107496
202 1.164066 1.196870 1.126523
203 1.260640 1.276823 1.117018
204 1.064589 1.028609 0.953682
205 1.351443 1.341287 1.191314
206 0.945188 0.966257 0.977637
207 1.276702 1.274792 1.107366
208 1.267739 1.285057 1.070212
209 1.034354 1.153873 1.068567
210 1.239788 1.268218 1.117123
211 1.194325 1.226971 1.107346
212 1.211657 1.251312 1.114467
213 1.330383 1.337683 1.130437
214 1.249780 1.298086 1.169382
215 1.347529 1.335363 1.179379
216 1.023725 0.937615 0.995047
217 1.167847 1.136022 0.989035
218 1.342218 1.344915 1.174785
219 1.184928 1.207178 1.073569
220 1.212986 1.223710 1.047988
221 0.982318 0.973063 0.959946
222 1.210810 1.244560 1.145970
223 1.270285 1.306292 1.196052
224 1.299549 1.317595 1.149483
225 1.032541 1.009873 1.045116
226 1.013034 0.952785 0.980365
227 1.183127 1.248625 1.181710
228 1.271294 1.287623 1.230003
229 1.275083 1.298636 1.187851
230 1.078386 1.046096 0.995833
231 1.271012 1.295171 1.201692
232 1.260009 1.261168 1.086198
233 1.247141 1.275233 1.134913
234 1.277662 1.277040 1.095804
235 1.181444 1.213592 1.105401
236 1.105753 1.084673 1.016170
237 0.809005 0.827929 0.905302
238 1.173480 1.177640 1.051477
239 1.122457 1.078432 0.995370
240 1.238638 1.297878 1.157086
241 1.342811 1.326354 1.163051
242 1.100375 1.049287 1.010396
243 1.101482 1.141718 1.006471
244 1.157852 1.205894 1.143940
245 1.292726 1.283271 1.156324
246 1.053120 1.037321 1.016032
247 1.326861 1.326636 1.115147
248 1.144698 1.171586 1.090419
249 0.977262 1.048007 1.042663
250 1.297981 1.307051 1.128924
251 1.198407 1.243095 1.115037
252 1.264670 1.278975 1.162486
253 1.201374 1.259159 1.153897
254 1.279077 1.286346 1.162591
255 1.106170 1.098136 1.002779
0 1.333743 1.349266 1.143944
1 1.040713 1.052031 1.101750
2 1.078162 1.020231 1.036993
3 1.256340 1.274495 1.135841
4 1.346834 1.338963 1.145350
5 1.003271 0.928344 0.990123
6 1.112292 1.085663 1.010327
7 1.194697 1.241796 1.195122
8 1.061417 1.020141 1.028902
9 1.215242 1.256862 1.111904
10 1.106156 1.075403 0.960156
11 1.171849 1.099944 1.015713
12 0.973300 0.887590 1.002919
13 1.173335 1.225532 1.193668
14 1.247905 1.241423 1.163345
15 1.160819 1.147610 1.067744
16 1.172145 1.209645 1.103251
17 1.262942 1.318348 1.171978
18 1.192781 1.217440 1.085376
19 1.027451 1.110207 1.073380
20 1.264508 1.253094 1.100594
21 1.128149 1.197581 1.041262
22 1.111981 1.207557 1.133744
23 1.140017 1.194587 1.063524
24 1.330834 1.330047 1.121711
25 0.982465 0.941358 0.968050
26 1.287437 1.287407 1.124276
27 1.216196 1.215914 1.098020
28 1.090006 1.174765 1.137332
29 1.199788 1.264289 1.157017
30 0.978537 0.966545 1.050630
31 1.301919 1.328202 1.159625
32 1.231341 1.154354 1.058199
33 1.025082 0.971889 1.005124
34 1.269182 1.291763 1.154767
35 0.969503 1.024239 0.969036
36 1.216609 1.256504 1.051333
37 1.005368 1.128364 0.975983
38 1.238405 1.265400 1.094053
39 1.161569 1.199802 1.138057
40 1.230051 1.259570 1.165292
41 1.171081 1.151906 1.074636
42 1.125824 1.167332 1.057187
43 1.227261 1.233993 1.200270
44 0.947479 0.971421 1.111585
45 1.207701 1.246323 1.112041
46 1.157471 1.201532 1.125702
47 1.237088 1.249143 1.041986
48 1.098823 1.165367 1.026583
49 1.125798 1.098561 1.053704
50 1.217625 1.256898 1.095401
51 1.144297 1.206271 1.164912
52 1.217716 1.222019 1.062074
53 0.999212 1.002800 1.018943
54 1.213008 1.248429 1.107692
55 1.205940 1.219141 1.065558
56 1.241123 1.268123 1.163339
57 1.075409 1.018921 1.100501
58 1.158355 1.200552 1.148435
59 1.248403 1.295076 1.173049
60 1.250588 1.277277 1.151530
61 1.133314 1.207362 1.144157
62 1.264631 1.257100 1.099528
63 1.075667 1.134237 0.998922
64 1.205704 1.256945 1.100533
65 1.229291 1.253255 1.124824
66 1.086454 1.134774 1.080090
67 1.295973 1.310313 1.187100
68 1.048023 0.970525 1.062161
69 1.317053 1.329626 1.144476
70 0.846675 0.996367 0.970000
71 1.206820 1.225899 1.046473
72 1.214172 1.265735 1.149875
73 1.141050 1.179634 1.025205
74 1.156374 1.227510 1.025058
75 1.251932 1.245240 1.119207
76 1.171055 1.181217 1.050156
77 1.173184 1.215107 1.097255
78 1.201554 1.265343 1.099363
79 1.046918 1.098733 1.044665
80 1.235338 1.248453 1.095074
81 0.932715 0.946833 1.085405
82 1.045280 1.039970 0.999431
83 1.100981 1.165914 1.080486
84 1.198479 1.215940 1.054555
85 1.249095 1.270342 1.086625
86 1.134638 1.201150 1.135259
87 1.172225 1.204469 1.144643
88 1.020882 1.033275 0.990482
89 1.132063 1.182187 1.063250
90 1.208669 1.244105 1.114620
91 1.329392 1.322831 1.154177
92 1.241530 1.247760 1.091232
93 1.110489 1.116492 1.091613
94 0.972880 0.985273 1.063194
95 0.698398 0.760222 0.954487
96 1.208727 1.268442 1.168948
97 1.298386 1.317956 1.199302
98 1.031081 0.961572 0.998147
99 1.086855 1.120505 1.133217
100 1.122764 1.187110 1.083277
101 0.923458 0.944511 1.024585
102 1.237847 1.185634 1.106965
103 1.164124 1.195844 1.105797
104 1.067328 1.157000 1.150073
105 1.232499 1.258721 1.117149
106 1.285043 1.308131 1.170687
107 1.204040 1.254556 1.165116
108 0.872193 0.883690 0.972749
109 1.135935 1.153237 1.068735
110 0.974582 1.115198 1.010400
111 1.165048 1.222748 1.078470
112 1.114576 1.161423 1.090668
113 1.198496 1.097666 1.092576
114 1.152361 1.195850 1.090802
115 1.138108 1.237264 1.127894
116 1.141782 1.181948 1.137126
117 1.225821 1.233284 1.183900
118 0.968812 0.945831 0.969380
119 1.089212 1.158095 1.040125
120 1.020376 0.961012 1.021433
121 1.207442 1.229005 1.014204
122 1.312918 1.301167 1.112808
123 1.198561 1.232130 1.123937
124 1.107563 1.195611 1.082312
125 1.080930 1.003359 1.032609
126 1.112941 1.042848 1.032345
127 0.906595 0.962681 1.068099
128 1.222846 1.268911 1.146622
129 1.256394 1.202224 1.055356
130 1.181468 1.219275 1.122051
131 1.075336 1.048086 1.008165
132 1.169084 1.202555 1.029245
133 1.253533 1.283749 1.176008
134 1.058970 1.011874 1.021875
135 1.196767 1.212039 1.132155
136 1.315722 1.310225 1.114331
137 1.116588 1.149861 1.055833
138 1.192557 1.234781 1.197991
139 1.066168 1.133472 1.074560
140 1.285847 1.304642 1.153940
141 1.243008 1.272611 1.068930
142 1.309582 1.330856 1.184945
143 0.977025 0.966478 1.027359
144 1.202654 1.194690 1.053674
145 0.978046 0.988832 0.962499
146 1.221786 1.235920 1.069648
147 1.181147 1.240583 1.157598
148 1.288661 1.319830 1.129053
149 1.273357 1.265206 1.079587
150 1.270378 1.289977 1.188408
151 1.129142 1.174672 1.093048
152 1.300076 1.286867 1.114094
153 1.139974 1.091091 0.963415
154 1.349414 1.363625 1.138790
155 1.025571 1.052198 1.023523
156 1.182282 1.126285 1.027824
157 1.083386 1.128889 1.101429
158 1.109673 1.145167 0.975400
159 1.342213 1.354764 1.203775
160 1.282845 1.288428 1.082145
161 1.033376 1.129712 1.074256
162 0.943343 1.058790 1.027065
163 1.249274 1.270876 1.165674
164 1.118808 1.169287 1.101093
165 1.017171 1.126906 1.065985
166 1.396369 1.397187 1.209177
167 1.156366 1.115155 1.079203
168 1.307173 1.320851 1.190901
169 1.186919 1.263372 1.133339
170 1.080807 1.133451 1.075278
171 1.084221 0.996509 1.111768
172 1.303273 1.311573 1.169492
173 0.839501 0.918640 0.997338
174 0.989512 0.952408 0.961177
175 0.973292 0.963158 1.027270
176 1.167791 1.257947 1.111832
177 1.111033 1.133916 1.095641
178 1.259241 1.278548 1.134686
179 1.128074 1.192876 1.098632
180 1.301947 1.295547 1.133683
181 1.337839 1.340678 1.088698
182 0.938189 1.037958 0.951206
183 1.154692 1.084307 1.107548
184 1.118242 1.174573 0.996313
185 1.190513 1.225173 1.103908
186 1.166648 1.203264 1.083566
187 1.203232 1.212925 1.086378
188 1.112558 1.146744 1.140042
189 1.278503 1.294439 1.141305
190 0.959924 0.967228 1.119379
191 1.218829 1.252600 1.168248
192 0.961412 0.912853 0.984732
193 0.838264 0.790650 1.082594
194 1.162840 1.187721 1.060104
195 1.240870 1.276872 1.214929
196 1.183897 1.219215 1.179071
197 0.973847 0.985874 1.013960
198 1.230889 1.242989 1.068807
199 1.236659 1.294557 1.019905
200 1.131906 1.181943 1.130079
201 1.053965 1.048680 0.943472
202 1.264830 1.283127 1.144257
203 1.308954 1.322950 1.153123
204 1.198056 1.239106 1.111334
205 1.046449 1.028367 1.023491
206 1.269291 1.295815 1.107464
207 1.058405 1.060052 1.064944
208 1.258629 1.274445 1.133057
209 1.182678 1.227004 1.090163
210 1.046369 1.122173 1.102374
211 1.171370 1.208911 1.115961
212 1.006813 1.104710 0.981351
213 1.334060 1.319667 1.139229
214 1.056229 1.170985 1.016464
215 1.099065 1.046226 0.988667
216 1.027198 1.099928 1.099318
217 1.242084 1.270131 1.124946
218 1.174451 1.239909 1.073074
219 1.341293 1.326260 1.126034
220 1.323083 1.306759 1.125029
221 1.231364 1.250093 1.105660
222 1.313671 1.328051 1.149830
223 1.075740 1.096732 1.040694
224 1.080919 1.068718 1.109168
225 1.056139 1.050718 0.998168
226 1.235732 1.279242 1.115065
227 1.137843 1.068738 1.014728
228 0.955373 0.917339 0.921638
229 1.101794 1.045614 1.011782
230 1.258944 1.258897 1.093858
231 1.221707 1.139919 1.117857
232 1.295012 1.288107 1.096581
233 1.018719 0.925671 1.009981
234 1.194554 1.127296 1.049416
235 1.012066 0.995085 1.128041
236 1.357430 1.370917 1.164298
237 1.173500 1.072867 1.115926
238 1.199732 1.219281 1.102542
239 1.330414 1.342001 1.181697
240 1.201119 1.250816 1.061755
241 1.277131 1.302383 1.211583
242 1.267186 1.268430 1.108823
243 1.200981 1.259483 1.184905
244 1.326275 1.353700 1.124552
245 1.299238 1.302626 1.122910
246 1.061736 1.034436 1.070592
247 1.307536 1.306323 1.128608
248 1.201765 1.258496 1.118484
249 0.976032 1.019464 1.018604
250 0.990664 0.936601 1.031289
251 1.311332 1.297509 1.157875
252 1.056511 1.082358 0.938180
253 1.279193 1.277454 1.080308
254 1.238860 1.255634 1.087694
255 1.246010 1.268298 1.123148
0 1.295118 1.292992 1.091730
1 1.193937 1.200730 1.040742
2 1.282013 1.317940 1.153800
3 1.114213 1.126064 1.012787
4 1.112741 1.152571 1.015052
5 1.212931 1.212553 1.171874
6 1.217511 1.266006 1.155353
7 1.129059 1.139297 1.072146
8 1.351889 1.332492 1.149862
9 1.316143 1.326586 1.148528
10 1.299205 1.307400 1.134668
11 1.031071 0.999241 1.037331
12 1.255110 1.256012 1.101455
13 1.170593 1.215489 1.087436
14 1.250755 1.268904 1.078302
15 1.156351 1.178378 1.019216
16 1.343299 1.323639 1.168803
17 1.186008 1.119755 1.092284
18 1.256325 1.286216 1.114565
19 1.315137 1.308553 1.154858
20 1.105229 1.189421 1.066789
21 1.377771 1.354571 1.182735
22 1.219535 1.165204 1.092078
23 1.132081 1.174132 1.104609
24 1.120779 1.182542 1.100591
25 1.083415 1.029051 1.031478
26 1.181434 1.240592 1.063296
27 1.288791 1.317746 1.118737
28 1.255650 1.273246 1.185854
29 1.257006 1.280705 1.125326
30 1.269536 1.290458 1.176254
31 1.244623 1.282611 1.123240
32 1.043191 1.084176 1.016714
33 1.057098 1.133173 1.073989
34 1.164877 1.174788 1.114908
35 1.158529 1.135596 1.089992
36 1.235240 1.280672 1.200143
37 1.167949 1.208639 1.154048
38 1.363777 1.346036 1.164993
39 0.917601 0.914249 1.015729
40 1.131780 1.079997 1.013627
41 0.984979 0.941171 0.973500
42 1.357390 1.356893 1.173828
43 1.007977 0.984603 0.989732
44 1.191058 1.216076 1.044972
45 1.054882 1.070690 0.975391
46 0.988179 0.931497 1.014235
47 1.202801 1.221778 1.047036
48 1.054709 1.124256 1.010557
49 1.388634 1.399103 1.173597
50 0.920619 1.078345 1.072066
51 1.315655 1.313614 1.126514
52 1.263987 1.321764 1.195270
53 1.213078 1.240089 1.160085
54 1.300223 1.316267 1.175819
55 1.065846 1.014536 1.016758
56 1.161433 1.187655 1.183295
57 1.318389 1.318356 1.134443
58 1.334142 1.308988 1.092247
59 1.021567 1.082460 1.065242
60 1.170743 1.211551 1.096452
61 1.193299 1.209701 1.031682
62 1.175981 1.129268 1.096029
63 1.141963 1.099309 1.071952
64 1.133940 1.210865 1.139727
65 0.844766 0.781057 0.928123
66 0.898793 0.902488 1.002638
67 1.232959 1.249663 1.096018
68 0.899920 0.874091 0.956539
