139 1.439058 1.098422 1.222241
140 1.439058 1.098422 1.222241
141 1.439058 1.098422 1.222241
142 0.367934 0.836013 2.838375
143 -5.059550 -0.304759 5.980540
144 0.827042 0.661384 3.201727
145 1.840746 0.307435 2.471213
146 3.268900 0.174940 2.303360
147 1.226410 -5.615934 9.324219
148 -0.976645 0.886169 1.196975
149 -0.619304 1.002724 1.744691
150 3.584407 -3.368297 7.626116
151 2.833872 0.621249 1.591414
152 16.478676 0.534114 1.846575
153 16.380940 0.522058 1.419064
154 16.419889 0.523464 1.482536
155 17.586515 0.694131 1.029592
156 17.070066 0.527732 1.384370
157 18.686504 1.031864 0.798573
158 25.972624 0.337447 1.739761
159 13.065994 0.321958 1.694519
160 12.846025 0.060470 1.847824
161 35.661465 1.288890 0.699775
162 35.661465 1.288890 0.699775
163 35.661465 1.288890 0.699775
164 12.846025 0.060470 1.847824
165 12.846025 0.060470 1.847824
166 12.846025 0.060470 1.847824
167 13.915291 -0.942228 2.622906
168 13.915291 -0.942228 2.622906
169 13.915291 -0.942228 2.622906
170 13.915291 -0.942228 2.622906
171 3.161339 -0.786223 2.861558
172 3.161339 -0.786223 2.861558
173 6.631021 1.858995 0.977230
174 3.161339 -0.786223 2.861558
175 2.514330 -1.986636 3.913146
176 2.514330 -1.986636 3.913146
177 2.514330 -1.986636 3.913146
178 2.514330 -1.986636 3.913146
179 2.514330 -1.986636 3.913146
180 2.514330 -1.986636 3.913146
181 2.514330 -1.986636 3.913146
182 2.514330 -1.986636 3.913146
183 2.514330 -1.986636 3.913146
184 2.514330 -1.986636 3.913146
185 2.514330 -1.986636 3.913146
186 2.514330 -1.986636 3.913146
187 2.514330 -1.986636 3.913146
188 2.514330 -1.986636 3.913146
189 2.514330 -1.986636 3.913146
190 2.514330 -1.986636 3.913146
191 2.514330 -1.986636 3.913146
192 2.514330 -1.986636 3.913146
193 2.514330 -1.986636 3.913146
194 2.514330 -1.986636 3.913146
195 2.514330 -1.986636 3.913146
196 2.514330 -1.986636 3.913146
197 2.514330 -1.986636 3.913146
198 2.514330 -1.986636 3.913146
199 2.514330 -1.986636 3.913146
200 2.514330 -1.986636 3.913146
201 1.711151 -0.311775 2.243221
202 2.514330 -1.986636 3.913146
203 2.514330 -1.986636 3.913146
204 2.514330 -1.986636 3.913146
205 5.922415 -0.305513 1.753460
206 5.922415 -0.305513 1.753460
207 2.514330 -1.986636 3.913146
208 2.514330 -1.986636 3.913146
209 2.514330 -1.986636 3.913146
210 2.514330 -1.986636 3.913146
211 2.514330 -1.986636 3.913146
212 2.514330 -1.986636 3.913146
213 2.514330 -1.986636 3.913146
214 2.514330 -1.986636 3.913146
215 2.514330 -1.986636 3.913146
216 2.514330 -1.986636 3.913146
217 2.514330 -1.986636 3.913146
218 2.514330 -1.986636 3.913146
219 2.514330 -1.986636 3.913146
220 2.514330 -1.986636 3.913146
221 2.514330 -1.986636 3.913146
222 2.514330 -1.986636 3.913146
223 2.514330 -1.986636 3.913146
224 2.514330 -1.986636 3.913146
225 5.922415 -0.305513 1.753460
226 2.514330 -1.986636 3.913146
227 2.514330 -1.986636 3.913146
228 2.514330 -1.986636 3.913146
229 2.514330 -1.986636 3.913146
230 2.514330 -1.986636 3.913146
231 2.514330 -1.986636 3.913146
232 2.514330 -1.986636 3.913146
233 2.514330 -1.986636 3.913146
234 2.514330 -1.986636 3.913146
235 2.514330 -1.986636 3.913146
236 2.514330 -1.986636 3.913146
237 2.514330 -1.986636 3.913146
238 2.514330 -1.986636 3.913146
239 2.514330 -1.986636 3.913146
240 2.514330 -1.986636 3.913146
241 2.514330 -1.986636 3.913146
242 2.514330 -1.986636 3.913146
243 2.514330 -1.986636 3.913146
244 2.514330 -1.986636 3.913146
245 2.514330 -1.986636 3.913146
246 2.514330 -1.986636 3.913146
247 2.514330 -1.986636 3.913146
248 2.514330 -1.986636 3.913146
249 2.514330 -1.986636 3.913146
250 2.514330 -1.986636 3.913146
251 5.922415 -0.305513 1.753460
252 2.514330 -1.986636 3.913146
253 2.514330 -1.986636 3.913146
254 2.514330 -1.986636 3.913146
255 5.922415 -0.305513 1.753460
0 2.514330 -1.986636 3.913146
1 2.514330 -1.986636 3.913146
2 6.823965 -0.350277 2.081215
3 3.533014 0.749383 2.948366
4 3.533014 0.749383 2.948366
5 3.174460 0.687932 9.654421
6 0.200454 -0.889634 6.621315
7 3.533014 0.749383 2.948366
8 4.370184 0.271342 4.439470
9 2.514330 -1.986636 3.913146
10 2.514330 -1.986636 3.913146
11 2.514330 -1.986636 3.913146
12 2.514330 -1.986636 3.913146
13 2.514330 -1.986636 3.913146
14 2.514330 -1.986636 3.913146
15 2.514330 -1.986636 3.913146
16 2.514330 -1.986636 3.913146
17 2.514330 -1.986636 3.913146
18 2.514330 -1.986636 3.913146
19 2.514330 -1.986636 3.913146
20 2.514330 -1.986636 3.913146
21 2.459819 -1.945830 3.788539
22 2.566767 -2.030431 3.953259
23 2.514330 -1.986636 3.913146
24 2.459819 -1.945830 3.788539
25 2.566767 -2.030431 3.953259
26 2.281143 -2.230332 4.209268
27 2.566767 -2.030431 3.953259
28 2.514330 -1.986636 3.913146
29 2.514330 -1.986636 3.913146
30 2.514330 -1.986636 3.913146
31 5.922415 -0.305513 1.753460
32 5.922415 -0.305513 1.753460
33 2.514330 -1.986636 3.913146
34 2.514330 -1.986636 3.913146
35 5.922415 -0.305513 1.753460
36 5.922415 -0.305513 1.753460
37 2.514330 -1.986636 3.913146
38 5.922415 -0.305513 1.753460
39 5.922415 -0.305513 1.753460
40 2.514330 -1.986636 3.913146
41 2.514330 -1.986636 3.913146
42 5.922415 -0.305513 1.753460
43 5.922415 -0.305513 1.753460
44 2.514330 -1.986636 3.913146
45 3.233274 1.374487 -0.557501
46 3.233274 1.374487 -0.557501
47 3.233274 1.374487 -0.557501
48 3.233274 1.374487 -0.557501
49 2.514330 -1.986636 3.913146
50 2.514330 -1.986636 3.913146
51 2.514330 -1.986636 3.913146
52 1.952500 -3.004846 4.671142
53 1.952500 -3.004846 4.671142
54 1.952500 -3.004846 4.671142
55 2.514330 -1.986636 3.913146
56 2.514330 -1.986636 3.913146
57 2.514330 -1.986636 3.913146
58 2.514330 -1.986636 3.913146
59 1.711151 -0.311775 2.243221
60 1.711151 -0.311775 2.243221
61 1.711151 -0.311775 2.243221
62 2.514330 -1.986636 3.913146
63 2.514330 -1.986636 3.913146
64 2.514330 -1.986636 3.913146
65 2.514330 -1.986636 3.913146
66 2.514330 -1.986636 3.913146
67 2.514330 -1.986636 3.913146
68 2.514330 -1.986636 3.913146
69 1.711151 -0.311775 2.243221
70 1.711151 -0.311775 2.243221
71 1.711151 -0.311775 2.243221
72 2.514330 -1.986636 3.913146
73 2.514330 -1.986636 3.913146
74 2.514330 -1.986636 3.913146
75 2.514330 -1.986636 3.913146
76 2.514330 -1.986636 3.913146
77 2.514330 -1.986636 3.913146
78 2.514330 -1.986636 3.913146
79 1.711151 -0.311775 2.243221
80 1.711151 -0.311775 2.243221
81 1.711151 -0.311775 2.243221
82 2.514330 -1.986636 3.913146
83 2.514330 -1.986636 3.913146
84 2.514330 -1.986636 3.913146
85 2.514330 -1.986636 3.913146
86 2.514330 -1.986636 3.913146
87 2.514330 -1.986636 3.913146
88 2.514330 -1.986636 3.913146
89 1.711151 -0.311775 2.243221
90 1.711151 -0.311775 2.243221
91 1.711151 -0.311775 2.243221
92 2.514330 -1.986636 3.913146
93 2.514330 -1.986636 3.913146
94 2.514330 -1.986636 3.913146
95 2.514330 -1.986636 3.913146
96 2.514330 -1.986636 3.913146
97 2.514330 -1.986636 3.913146
98 2.514330 -1.986636 3.913146
99 1.711151 -0.311775 2.243221
100 1.711151 -0.311775 2.243221
101 1.711151 -0.311775 2.243221
102 2.514330 -1.986636 3.913146
103 2.514330 -1.986636 3.913146
104 2.514330 -1.986636 3.913146
105 2.116789 -3.059324 4.502785
106 2.116789 -3.059324 4.502785
107 2.116789 -3.059324 4.502785
108 2.116789 -3.059324 4.502785
109 -0.765086 -1.206882 2.245300
110 1.711151 -0.311775 2.243221
111 1.711151 -0.311775 2.243221
112 2.514330 -1.986636 3.913146
113 2.514330 -1.986636 3.913146
114 2.514330 -1.986636 3.913146
115 2.514330 -1.986636 3.913146
116 2.514330 -1.986636 3.913146
117 2.514330 -1.986636 3.913146
118 2.116789 -3.059324 4.502785
119 -0.765086 -1.206882 2.245300
120 -0.765086 -1.206882 2.245300
121 -0.765086 -1.206882 2.245300
122 2.116789 -3.059324 4.502785
123 2.116789 -3.059324 4.502785
124 2.116789 -3.059324 4.502785
125 2.213095 -3.851302 5.271744
126 2.213095 -3.851302 5.271744
127 2.116789 -3.059324 4.502785
128 2.116789 -3.059324 4.502785
129 -0.765086 -1.206882 2.245300
130 -0.819735 -1.293088 2.405679
131 -0.819735 -1.293088 2.405679
132 2.213095 -3.851302 5.271744
133 2.213095 -3.851302 5.271744
134 2.213095 -3.851302 5.271744
135 2.213095 -3.851302 5.271744
136 2.213095 -3.851302 5.271744
137 2.213095 -3.851302 5.271744
138 5.259612 -1.667655 2.356212
139 1.952500 -3.004846 4.671142
140 1.952500 -3.004846 4.671142
141 1.952500 -3.004846 4.671142
142 1.453275 -0.594520 3.251804
143 1.292721 -0.101303 4.091349
144 2.275078 -0.896581 10.565416
145 2.112801 -3.294676 5.722553
146 3.761464 -2.457673 4.197140
147 2.777582 0.330219 10.626866
148 4.616550 -0.756552 2.811166
149 2.419800 -1.389765 5.152512
150 3.232596 0.596576 10.029523
151 2.514330 -1.986636 3.913146
152 2.514330 -1.986636 3.913146
153 2.652580 -2.080489 4.025748
154 2.514330 -1.986636 3.913146
155 2.181963 -2.133361 4.026256
156 2.514330 -1.986636 3.913146
157 2.281143 -2.230332 4.209268
158 2.623649 -2.073011 4.083283
159 2.238845 -2.175941 4.156280
160 2.514330 -1.986636 3.913146
161 5.922415 -0.305513 1.753460
162 5.922415 -0.305513 1.753460
163 5.259612 -1.667655 2.356212
164 2.514330 -1.986636 3.913146
165 2.514330 -1.986636 3.913146
166 2.514330 -1.986636 3.913146
167 2.514330 -1.986636 3.913146
168 2.514330 -1.986636 3.913146
169 2.514330 -1.986636 3.913146
170 2.514330 -1.986636 3.913146
171 2.514330 -1.986636 3.913146
172 2.514330 -1.986636 3.913146
173 5.922415 -0.305513 1.753460
174 2.514330 -1.986636 3.913146
175 2.514330 -1.986636 3.913146
176 2.514330 -1.986636 3.913146
177 2.514330 -1.986636 3.913146
178 2.514330 -1.986636 3.913146
179 2.514330 -1.986636 3.913146
180 2.514330 -1.986636 3.913146
181 2.514330 -1.986636 3.913146
182 2.514330 -1.986636 3.913146
183 2.514330 -1.986636 3.913146
184 2.514330 -1.986636 3.913146
185 2.514330 -1.986636 3.913146
186 2.514330 -1.986636 3.913146
187 2.514330 -1.986636 3.913146
188 2.514330 -1.986636 3.913146
189 2.514330 -1.986636 3.913146
190 2.514330 -1.986636 3.913146
191 2.514330 -1.986636 3.913146
192 2.514330 -1.986636 3.913146
193 2.514330 -1.986636 3.913146
194 2.514330 -1.986636 3.913146
195 2.514330 -1.986636 3.913146
196 2.514330 -1.986636 3.913146
197 2.514330 -1.986636 3.913146
198 2.514330 -1.986636 3.913146
199 2.514330 -1.986636 3.913146
200 2.514330 -1.986636 3.913146
201 1.711151 -0.311775 2.243221
202 2.514330 -1.986636 3.913146
203 2.514330 -1.986636 3.913146
204 2.514330 -1.986636 3.913146
205 5.922415 -0.305513 1.753460
206 5.922415 -0.305513 1.753460
207 2.514330 -1.986636 3.913146
208 2.514330 -1.986636 3.913146
209 2.514330 -1.986636 3.913146
210 2.514330 -1.986636 3.913146
211 2.514330 -1.986636 3.913146
212 2.514330 -1.986636 3.913146
213 2.514330 -1.986636 3.913146
214 2.514330 -1.986636 3.913146
215 2.514330 -1.986636 3.913146
216 2.514330 -1.986636 3.913146
217 2.514330 -1.986636 3.913146
218 2.514330 -1.986636 3.913146
219 2.514330 -1.986636 3.913146
220 2.514330 -1.986636 3.913146
221 2.514330 -1.986636 3.913146
222 2.514330 -1.986636 3.913146
223 2.514330 -1.986636 3.913146
224 2.514330 -1.986636 3.913146
225 5.922415 -0.305513 1.753460
226 2.514330 -1.986636 3.913146
227 2.514330 -1.986636 3.913146
228 2.514330 -1.986636 3.913146
229 2.514330 -1.986636 3.913146
230 2.514330 -1.986636 3.913146
231 2.514330 -1.986636 3.913146
232 2.514330 -1.986636 3.913146
233 2.514330 -1.986636 3.913146
234 2.514330 -1.986636 3.913146
235 2.514330 -1.986636 3.913146
236 2.514330 -1.986636 3.913146
237 2.514330 -1.986636 3.913146
238 2.514330 -1.986636 3.913146
239 2.514330 -1.986636 3.913146
240 2.514330 -1.986636 3.913146
241 2.514330 -1.986636 3.913146
242 2.514330 -1.986636 3.913146
243 2.514330 -1.986636 3.913146
244 2.514330 -1.986636 3.913146
245 2.514330 -1.986636 3.913146
246 1.952500 -3.004846 4.671142
247 1.952500 -3.004846 4.671142
248 1.952500 -3.004846 4.671142
249 1.952500 -3.004846 4.671142
250 1.952500 -3.004846 4.671142
251 5.259612 -1.667655 2.356212
252 1.952500 -3.004846 4.671142
253 2.514330 -1.986636 3.913146
254 2.514330 -1.986636 3.913146
255 5.922415 -0.305513 1.753460
0 2.514330 -1.986636 3.913146
1 2.514330 -1.986636 3.913146
2 6.823965 -0.350277 2.081215
3 3.533014 0.749383 2.948366
4 3.533014 0.749383 2.948366
5 3.174460 0.687932 9.654421
6 0.200454 -0.889634 6.621315
7 3.533014 0.749383 2.948366
8 4.370184 0.271342 4.439470
9 2.514330 -1.986636 3.913146
10 2.514330 -1.986636 3.913146
11 2.514330 -1.986636 3.913146
12 2.514330 -1.986636 3.913146
13 2.514330 -1.986636 3.913146
14 2.514330 -1.986636 3.913146
15 2.514330 -1.986636 3.913146
16 2.514330 -1.986636 3.913146
17 2.514330 -1.986636 3.913146
18 2.514330 -1.986636 3.913146
19 2.514330 -1.986636 3.913146
20 2.514330 -1.986636 3.913146
21 2.566767 -2.030431 3.953259
22 2.566767 -2.030431 3.953259
23 2.514330 -1.986636 3.913146
24 2.566767 -2.030431 3.953259
25 2.566767 -2.030431 3.953259
26 2.281143 -2.230332 4.209268
27 2.566767 -2.030431 3.953259
28 2.514330 -1.986636 3.913146
29 2.514330 -1.986636 3.913146
30 2.514330 -1.986636 3.913146
31 5.922415 -0.305513 1.753460
32 5.922415 -0.305513 1.753460
33 2.514330 -1.986636 3.913146
34 2.514330 -1.986636 3.913146
35 5.922415 -0.305513 1.753460
36 5.922415 -0.305513 1.753460
37 2.514330 -1.986636 3.913146
38 5.922415 -0.305513 1.753460
39 5.922415 -0.305513 1.753460
40 2.514330 -1.986636 3.913146
41 2.514330 -1.986636 3.913146
42 5.922415 -0.305513 1.753460
43 5.922415 -0.305513 1.753460
44 2.514330 -1.986636 3.913146
45 3.233274 1.374487 -0.557501
46 3.233274 1.374487 -0.557501
47 3.233274 1.374487 -0.557501
48 3.233274 1.374487 -0.557501
49 2.514330 -1.986636 3.913146
50 2.514330 -1.986636 3.913146
51 2.514330 -1.986636 3.913146
52 2.514330 -1.986636 3.913146
53 1.952500 -3.004846 4.671142
54 1.952500 -3.004846 4.671142
