15:19:01 156 1.561885 1.395019 1.223118
15:19:01 157 1.604420 1.271817 1.246833
15:19:01 158 1.651542 1.151441 1.267287
15:19:01 159 1.700054 1.036822 1.288196
15:19:01 160 1.741482 0.923192 1.311260
15:19:01 161 1.757803 0.774509 1.384151
15:19:01 162 1.632225 0.839229 1.438695
15:19:01 163 1.612267 0.591161 1.560387
15:19:01 164 1.644752 0.602578 1.600759
15:19:01 165 1.706316 0.530104 1.617889
15:19:01 166 1.691431 0.785652 1.483401
15:19:01 167 1.660386 1.073816 1.424392
15:19:01 168 1.630767 1.258156 1.392591
15:19:01 169 1.638619 1.367460 1.311024
15:19:01 170 1.634390 1.423889 1.299034
15:19:01 171 1.752205 0.859118 1.425875
15:19:01 172 1.959774 0.807306 1.475689
15:19:01 173 2.105251 0.880162 1.372918
15:19:01 174 2.063439 0.731990 1.331331
15:19:01 175 1.987041 0.589273 1.373601
15:19:01 176 1.922970 0.263600 1.399377
15:19:01 177 1.743104 0.085844 1.391820
15:19:01 178 1.761804 0.059108 1.400709
15:19:02 179 1.742191 0.195984 1.377309
15:19:02 180 1.864160 0.017504 1.424079
15:19:02 181 1.856620 -0.022814 1.429330
15:19:02 182 1.847767 -0.065320 1.441347
15:19:02 183 1.829422 -0.109232 1.447113
15:19:02 184 2.011068 -0.048764 1.559804
15:19:02 185 2.012139 -0.093438 1.561596
15:19:02 186 2.275587 0.010789 1.595279
15:19:02 187 2.205473 -0.019342 1.653669
15:19:02 188 2.110294 -0.055347 1.724772
15:19:02 189 2.118862 -0.082732 1.729596
15:19:02 190 1.953395 -0.143549 1.833723
15:19:02 191 1.659934 -0.241100 2.015346
15:19:02 192 1.428899 -0.422357 1.918714
15:19:02 193 1.404200 -0.479551 1.932346
15:19:02 194 2.768539 0.762714 2.213297
15:19:02 195 2.778515 0.753216 2.217125
15:19:02 196 2.019048 1.849468 2.013052
15:19:02 197 2.025787 1.546745 2.438088
15:19:02 198 2.030491 1.874785 2.014045
15:19:02 199 2.034342 1.572061 2.410006
15:19:02 200 2.042574 1.566738 2.443636
15:19:02 201 2.041556 1.563791 2.453660
15:19:02 202 2.042092 1.545783 2.497737
15:19:02 203 2.053738 1.592839 2.425292
15:19:02 204 2.060135 1.571808 2.485882
15:19:02 205 2.059869 1.579386 2.472641
15:19:02 206 2.073846 1.886296 2.088726
15:19:02 207 2.080057 1.879254 2.105879
15:19:02 208 2.947786 0.734755 2.352630
15:19:02 209 2.962102 0.740807 2.369844
15:19:02 210 2.097818 1.869929 2.147150
15:19:02 211 2.098651 1.611777 2.499253
15:19:02 212 2.104975 1.620314 2.494150
15:19:02 213 2.106030 1.875845 2.155954
15:19:02 214 2.096004 1.569942 2.596108
15:19:02 215 2.096592 1.544895 2.665285
15:19:03 216 2.102857 1.552980 2.659667
15:19:03 217 2.096006 1.519786 2.745326
15:19:03 218 2.099426 1.507320 2.808241
15:19:03 219 2.093616 1.488947 2.867826
15:19:03 220 2.083789 1.468434 2.940567
15:19:03 221 2.083289 1.466750 2.957504
15:19:03 222 2.089823 1.471193 2.959713
15:19:03 223 2.082556 1.460785 2.993537
15:19:03 224 2.091216 1.477408 2.940066
15:19:03 225 2.074396 1.446808 3.052855
15:19:03 226 2.067704 1.448234 3.017243
15:19:03 227 2.065973 1.436068 3.095134
15:19:03 228 2.068319 1.433189 3.120512
15:19:03 229 2.076709 1.446070 3.067890
15:19:03 230 2.076631 1.452484 3.045281
15:19:03 231 2.074506 1.448218 3.073876
15:19:03 232 2.075838 1.456338 3.031789
15:19:03 233 2.072960 1.464863 2.963697
15:19:03 234 2.075748 1.460339 2.997859
15:19:03 235 2.082042 1.466711 2.981236
15:19:03 236 2.090679 1.472188 2.971820
15:19:03 237 2.089403 1.478294 2.944412
15:19:03 238 2.095681 1.500865 2.861214
15:19:03 239 2.101212 1.520353 2.797947
15:19:03 240 2.103328 1.513879 2.827454
15:19:03 241 2.117045 1.557049 2.716702
15:19:03 242 2.119499 1.554242 2.731019
15:19:03 243 2.113835 1.539305 2.763073
15:19:03 244 2.118415 1.561173 2.702551
15:19:03 245 2.125111 1.551831 2.746214
15:19:03 246 2.116976 1.525245 2.815720
15:19:03 247 2.123400 1.536883 2.783901
15:19:03 248 2.127816 1.542025 2.783405
15:19:03 249 2.132815 1.538980 2.801678
15:19:03 250 2.133062 1.554705 2.749194
15:19:03 251 2.125406 1.533810 2.798949
15:19:04 252 2.132489 1.581178 2.673403
15:19:04 253 2.132815 1.605436 2.613108
15:19:04 254 2.133864 1.594586 2.642939
15:19:04 255 2.124266 1.562388 2.710749
15:19:04 0 2.126313 1.571425 2.690441
15:19:04 1 2.129212 1.601132 2.618623
15:19:04 2 2.127135 1.575206 2.681697
15:19:04 3 2.132540 1.615504 2.594583
15:19:04 4 2.139634 1.625303 2.582622
15:19:04 5 2.131096 1.599009 2.627488
15:19:04 6 2.135840 1.608283 2.616733
15:19:04 7 2.132383 1.608000 2.604713
15:19:04 8 2.137514 1.588781 2.663818
15:19:04 9 2.139395 1.603439 2.627541
15:19:04 10 2.135170 1.583004 2.672240
15:19:04 11 2.126057 1.559113 2.723999
15:19:04 12 2.121864 1.532224 2.805435
15:19:04 13 2.125935 1.522451 2.845588
15:19:04 14 2.125790 1.517651 2.865987
15:19:04 15 2.118971 1.505097 2.898111
15:19:04 16 2.115992 1.504780 2.897114
15:19:04 17 2.107341 1.490935 2.942312
15:19:04 18 2.114550 1.494001 2.949468
15:19:04 19 2.118403 1.502377 2.923304
15:19:04 20 2.107755 1.482339 2.994624
15:19:04 21 2.105207 1.479783 3.001151
15:19:04 22 2.105750 1.483348 2.999609
15:19:04 23 2.105693 1.475422 3.038811
15:19:04 24 2.104483 1.473119 3.038304
15:19:04 25 2.100379 1.472502 3.036505
15:19:04 26 2.101940 1.469769 3.065132
15:19:04 27 2.110031 1.485525 3.005430
15:19:04 28 2.106385 1.474266 3.059206
15:19:04 29 2.112146 1.482331 3.027201
15:19:04 30 2.117229 1.489806 3.004958
15:19:04 31 2.123172 1.499590 2.976151
15:19:04 32 2.132081 1.512661 2.933858
15:19:05 33 2.132710 1.517839 2.914450
15:19:05 34 2.129756 1.523207 2.882949
15:19:05 35 2.125125 1.493093 2.993438
15:19:05 36 2.120958 1.479301 3.060580
15:19:05 37 2.116263 1.482366 3.038414
15:19:05 38 2.114511 1.478698 3.070206
15:19:05 39 2.114224 1.479666 3.067163
15:19:05 40 2.121910 1.496656 2.994674
15:19:05 41 2.124643 1.500241 2.997215
15:19:05 42 2.111026 1.485227 3.042670
15:19:05 43 2.116051 1.497364 2.988664
15:19:05 44 2.121667 1.497911 3.008825
15:19:05 45 2.124272 1.495492 3.021112
15:19:05 46 2.115542 1.479706 3.094706
15:19:05 47 2.116515 1.484774 3.073220
15:19:05 48 2.108854 1.473963 3.119277
15:19:05 49 2.117541 1.493646 3.023804
15:19:05 50 2.116173 1.488313 3.056668
15:19:05 51 2.113289 1.476621 3.114666
15:19:05 52 2.118301 1.486248 3.087033
15:19:05 53 2.116811 1.480233 3.112186
15:19:05 54 2.111412 1.468598 3.162275
15:19:05 55 2.121788 1.480259 3.111303
15:19:05 56 2.119466 1.489804 3.039757
15:19:05 57 2.134322 1.523550 2.913559
15:19:05 58 2.130577 1.513241 2.951483
15:19:05 59 2.135806 1.526890 2.901725
15:19:05 60 2.125817 1.507917 2.960407
15:19:05 61 2.128903 1.510821 2.949915
15:19:05 62 2.132245 1.505843 2.985230
15:19:05 63 2.129423 1.504840 2.983231
15:19:05 64 2.133629 1.512005 2.962312
15:19:05 65 2.146000 1.533823 2.898494
15:19:05 66 2.138403 1.515357 2.958932
15:19:05 67 2.144898 1.539016 2.878778
15:19:05 68 2.122971 1.508903 2.952400
15:19:06 69 2.116727 1.502391 2.959401
15:19:06 70 2.107315 1.476440 3.065289
15:19:06 71 2.101945 1.470995 3.080170
15:19:06 72 2.099593 1.461913 3.125688
15:19:06 73 2.104702 1.466075 3.120130
15:19:06 74 2.106463 1.464142 3.125763
15:19:06 75 2.102326 1.464935 3.122064
15:19:06 76 2.106664 1.476214 3.068651
15:19:06 77 2.105158 1.469297 3.111826
15:19:06 78 2.105009 1.461611 3.170025
15:19:06 79 2.103167 1.465377 3.137696
15:19:06 80 2.093908 1.449016 3.216585
15:19:06 81 2.089972 1.446181 3.203815
15:19:06 82 2.095205 1.450712 3.193110
15:19:06 83 2.097171 1.454250 3.165146
15:19:06 84 2.108276 1.469349 3.101518
15:19:06 85 2.105981 1.466939 3.103111
15:19:06 86 2.116697 1.491937 2.988369
15:19:06 87 2.121733 1.505983 2.934618
15:19:06 88 2.123496 1.519443 2.886174
15:19:06 89 2.113494 1.500618 2.954006
15:19:06 90 2.111505 1.493088 2.986690
15:19:06 91 2.113750 1.497105 2.982492
15:19:06 92 2.109958 1.490294 3.009542
15:19:06 93 2.115443 1.500487 2.974879
15:19:06 94 2.117291 1.496250 3.002486
15:19:06 95 2.112272 1.499674 2.964370
15:19:06 96 2.118625 1.513189 2.913092
15:19:06 97 2.122120 1.516987 2.902921
15:19:06 98 2.121440 1.515186 2.914432
15:19:06 99 2.129934 1.535719 2.851088
15:19:06 100 2.130810 1.556609 2.773884
15:19:06 101 2.140196 1.582704 2.711701
15:19:06 102 2.136695 1.578764 2.715364
15:19:06 103 2.140559 1.581011 2.715928
15:19:06 104 2.131642 1.537223 2.842182
15:19:06 105 2.135343 1.534016 2.862956
15:19:07 106 2.121189 1.512638 2.923247
15:19:07 107 2.113545 1.508828 2.921095
15:19:07 108 2.116765 1.516960 2.897362
15:19:07 109 2.109786 1.525020 2.835655
15:19:07 110 2.110834 1.514744 2.880120
15:19:07 111 2.116528 1.532880 2.809814
15:19:07 112 2.116368 1.551358 2.750466
15:19:07 113 2.114843 1.552480 2.741242
15:19:07 114 2.114260 1.545171 2.755726
15:19:07 115 2.113714 1.548297 2.742665
15:19:07 116 2.125550 1.593094 2.633684
15:19:07 117 2.118576 1.571540 2.673890
15:19:07 118 2.111339 1.567456 2.663767
15:19:07 119 2.105907 1.569754 2.643997
15:19:07 120 2.102273 1.548184 2.700051
15:19:07 121 2.096479 1.524246 2.763339
15:19:07 122 2.095302 1.532690 2.739149
15:19:07 123 2.103866 1.557909 2.690440
15:19:07 124 2.096682 1.542840 2.728562
15:19:07 125 2.099299 1.540401 2.740270
15:19:07 126 2.106221 1.541368 2.754808
15:19:07 127 2.112667 1.549166 2.750181
15:19:07 128 2.111469 1.544409 2.762112
15:19:07 129 2.102195 1.519802 2.825540
15:19:07 130 2.097377 1.511749 2.833610
15:19:07 131 2.086489 1.478187 2.955464
15:19:07 132 2.092740 1.493053 2.903883
15:19:07 133 2.097938 1.490857 2.935288
15:19:07 134 2.090700 1.476597 2.995257
15:19:07 135 2.076098 1.448809 3.124890
15:19:07 136 2.079214 1.458455 3.061843
15:19:07 137 2.079705 1.462736 3.037837
15:19:07 138 2.081079 1.467999 3.004793
15:19:07 139 2.076107 1.458781 3.049440
15:19:07 140 2.071276 1.447780 3.107033
15:19:07 141 2.070593 1.441923 3.149073
15:19:08 142 2.063792 1.430531 3.219982
15:19:08 143 2.076249 1.444920 3.154215
15:19:08 144 2.073646 1.451202 3.129359
15:19:08 145 2.079178 1.457146 3.121987
15:19:08 146 2.066643 1.449120 3.132746
15:19:08 147 2.066471 1.443007 3.172128
15:19:08 148 2.071866 1.446529 3.154556
15:19:08 149 2.068741 1.440915 3.160719
15:19:08 150 2.075065 1.452438 3.095792
15:19:08 151 2.076375 1.456306 3.078193
15:19:08 152 2.080489 1.456902 3.095855
15:19:08 153 2.083495 1.466485 3.036349
15:19:08 154 2.068711 1.449106 3.099090
15:19:08 155 2.060412 1.440352 3.145025
15:19:08 156 2.077099 1.455008 3.099608
15:19:08 157 2.082808 1.456114 3.111200
15:19:08 158 2.082981 1.455310 3.116974
15:19:08 159 2.087754 1.469419 3.049889
15:19:08 160 2.088941 1.472344 3.026538
15:19:08 161 2.088589 1.469035 3.035748
15:19:08 162 2.091360 1.469360 3.039330
15:19:08 163 2.090150 1.474000 3.018294
15:19:08 164 2.101868 1.479843 3.019386
15:19:08 165 2.112684 1.489857 2.994866
15:19:08 166 2.108939 1.477314 3.047799
15:19:08 167 2.097740 1.461165 3.099944
15:19:08 168 2.101636 1.465709 3.086256
15:19:08 169 2.094833 1.460561 3.101187
15:19:08 170 2.096329 1.461958 3.106735
15:19:08 171 2.095055 1.455895 3.141241
15:19:08 172 2.095601 1.457326 3.136329
15:19:08 173 2.093393 1.465026 3.069022
15:19:08 174 2.088334 1.453275 3.133203
15:19:08 175 2.084389 1.446628 3.151344
15:19:08 176 2.087733 1.451802 3.125016
15:19:08 177 2.081768 1.451651 3.104396
15:19:08 178 2.082012 1.453051 3.099928
15:19:09 179 2.083313 1.463135 3.040105
15:19:09 180 2.079401 1.461155 3.047286
15:19:09 181 2.083192 1.468662 3.010204
15:19:09 182 2.086987 1.475917 2.977555
15:19:09 183 2.088887 1.479990 2.966842
15:19:09 184 2.086950 1.480439 2.969501
15:19:09 185 2.080131 1.473143 2.995395
15:19:09 186 2.089581 1.491915 2.925290
15:19:09 187 2.080903 1.476679 2.975014
15:19:09 188 2.080570 1.481187 2.957281
15:19:09 189 2.074814 1.467247 3.019451
15:19:09 190 2.073951 1.461014 3.052370
15:19:09 191 2.082101 1.468273 3.032510
15:19:09 192 2.088017 1.477591 2.999048
15:19:09 193 2.084308 1.478032 2.975259
15:19:09 194 2.081534 1.466728 3.037152
15:19:09 195 2.089194 1.481727 2.981755
15:19:09 196 2.087285 1.471503 3.028751
15:19:09 197 2.092985 1.481511 2.971610
15:19:09 198 2.098590 1.485147 2.958919
15:19:09 199 2.096314 1.483031 2.960706
15:19:09 200 2.099971 1.493987 2.924251
15:19:09 201 2.093128 1.477249 2.994101
15:19:09 202 2.102869 1.486036 2.980703
15:19:09 203 2.104334 1.487640 2.974111
15:19:09 204 2.113364 1.517004 2.866847
15:19:09 205 2.118339 1.521214 2.869169
15:19:09 206 2.115717 1.522089 2.852187
15:19:09 207 2.110835 1.523236 2.844909
15:19:09 208 2.115666 1.547851 2.769446
15:19:09 209 2.116455 1.543319 2.782078
15:19:09 210 2.114797 1.544184 2.769997
15:19:09 211 2.115777 1.547359 2.766189
15:19:09 212 2.122898 1.560743 2.742615
15:19:09 213 2.118742 1.547991 2.778238
15:19:09 214 2.118816 1.520169 2.883134
15:19:10 215 2.117231 1.501768 2.960399
15:19:10 216 2.102655 1.476390 3.056957
15:19:10 217 2.102249 1.477908 3.039472
15:19:10 218 2.105911 1.487727 2.996697
15:19:10 219 2.104401 1.497544 2.946093
15:19:10 220 2.093520 1.485662 2.980131
15:19:10 221 2.113323 1.510630 2.914323
15:19:10 222 2.116644 1.526582 2.859518
15:19:10 223 2.129585 1.568832 2.740449
15:19:10 224 2.144062 1.594243 2.693236
15:19:10 225 2.137427 1.577401 2.721526
15:19:10 226 2.129975 1.552506 2.785349
15:19:10 227 2.118846 1.541515 2.797484
15:19:10 228 2.107040 1.511901 2.886834
15:19:10 229 2.100416 1.501620 2.923662
15:19:10 230 2.102703 1.500820 2.934679
15:19:10 231 2.104179 1.497352 2.955130
15:19:10 232 2.105748 1.499279 2.939943
15:19:10 233 2.099769 1.497196 2.929038
15:19:10 234 2.100696 1.499258 2.921139
15:19:10 235 2.088108 1.487780 2.939815
15:19:10 236 2.082700 1.481896 2.940548
15:19:10 237 2.080903 1.479276 2.947767
15:19:10 238 2.088377 1.494736 2.896254
15:19:10 239 2.089779 1.486886 2.940096
15:19:10 240 2.093896 1.483124 2.966117
15:19:10 241 2.087259 1.471656 3.019393
15:19:10 242 2.082454 1.470957 3.006275
15:19:10 243 2.083538 1.467598 3.028401
15:19:10 244 2.079376 1.465727 3.014528
15:19:10 245 2.082314 1.474504 2.974264
15:19:10 246 2.090156 1.488671 2.922696
15:19:10 247 2.091123 1.483361 2.957368
15:19:10 248 2.080910 1.465683 3.014835
15:19:10 249 2.080183 1.465185 3.022545
15:19:10 250 2.068777 1.444837 3.109319
15:19:10 251 2.069940 1.443994 3.108541
15:19:11 252 2.067636 1.441308 3.127091
15:19:11 253 2.067581 1.440648 3.124914
15:19:11 254 2.070444 1.436850 3.139068
15:19:11 255 2.082268 1.447727 3.098291
15:19:11 0 2.072631 1.435119 3.169041
15:19:11 1 2.072397 1.434395 3.162440
15:19:11 2 2.080033 1.435552 3.168922
15:19:11 3 2.081517 1.435260 3.174728
15:19:11 4 2.086903 1.441775 3.137466
15:19:11 5 2.091032 1.452005 3.079536
15:19:11 6 2.093850 1.457306 3.059990
15:19:11 7 2.097719 1.468828 3.009363
15:19:11 8 2.097727 1.473741 2.985240
15:19:11 9 2.099903 1.471955 2.999416
15:19:11 10 2.112061 1.484232 2.972435
15:19:11 11 2.108703 1.477423 3.012660
15:19:11 12 2.113858 1.483296 2.994317
15:19:11 13 2.122615 1.498871 2.947727
15:19:11 14 2.123304 1.502765 2.940792
15:19:11 15 2.123111 1.490969 2.990803
15:19:11 16 2.123523 1.490765 2.992184
15:19:11 17 2.115020 1.487487 2.988539
15:19:11 18 2.117779 1.491342 2.979318
15:19:11 19 2.107506 1.476178 3.025194
15:19:11 20 2.114810 1.495734 2.939229
15:19:11 21 2.116803 1.481343 3.027486
15:19:11 22 2.108256 1.473749 3.052792
15:19:11 23 2.108592 1.477002 3.026118
15:19:11 24 2.108475 1.478695 3.013280
15:19:11 25 2.114625 1.479047 3.023607
15:19:11 26 2.106506 1.470942 3.037175
15:19:11 27 2.101048 1.458352 3.083053
15:19:11 28 2.124068 1.480884 3.017671
15:19:11 29 2.117777 1.476604 3.036334
15:19:11 30 2.112702 1.471316 3.044029
15:19:11 31 2.105355 1.457841 3.105678
15:19:12 32 2.104661 1.460117 3.091399
15:19:12 33 2.102114 1.460128 3.080489
15:19:12 34 2.111216 1.464802 3.080174
15:19:12 35 2.123200 1.492101 2.969180
15:19:12 36 2.133806 1.519059 2.874382
15:19:12 37 2.133466 1.527092 2.843515
15:19:12 38 2.129505 1.509187 2.911436
15:19:12 39 2.124986 1.510412 2.905081
15:19:12 40 2.134276 1.523503 2.873557
15:19:12 41 2.129685 1.519032 2.884346
15:19:12 42 2.125554 1.511865 2.905672
15:19:12 43 2.131348 1.517696 2.893677
15:19:12 44 2.122027 1.518619 2.872016
15:19:12 45 2.112726 1.514177 2.865806
15:19:12 46 2.110410 1.496355 2.928777
15:19:12 47 2.114280 1.506927 2.891367
15:19:12 48 2.106754 1.498818 2.907702
15:19:12 49 2.107936 1.497429 2.917492
15:19:12 50 2.110439 1.499679 2.920383
15:19:12 51 2.119968 1.517534 2.857858
15:19:12 52 2.121924 1.515732 2.867594
15:19:12 53 2.117745 1.503656 2.910689
15:19:12 54 2.110694 1.496243 2.926793
15:19:12 55 2.117605 1.513679 2.873611
15:19:12 56 2.122036 1.520042 2.861158
15:19:12 57 2.127705 1.536722 2.813189
15:19:12 58 2.119119 1.513834 2.887561
15:19:12 59 2.122285 1.522806 2.856995
15:19:12 60 2.125305 1.537561 2.812339
15:19:12 61 2.122476 1.537493 2.804410
15:19:12 62 2.122097 1.534241 2.815637
15:19:12 63 2.114977 1.520969 2.849602
15:19:12 64 2.117900 1.535024 2.800274
15:19:12 65 2.109717 1.531213 2.797633
15:19:12 66 2.110706 1.527565 2.807645
15:19:12 67 2.109887 1.516490 2.846846
15:19:12 68 2.122318 1.530286 2.828375
15:19:13 69 2.121172 1.521522 2.858985
15:19:13 70 2.120710 1.504987 2.924088
15:19:13 71 2.122236 1.503021 2.932529
15:19:13 72 2.126815 1.507477 2.924365
15:19:13 73 2.123991 1.505989 2.923866
15:19:13 74 2.121875 1.500316 2.942697
15:19:13 75 2.122238 1.482740 3.029120
15:19:13 76 2.115728 1.465776 3.120466
15:19:13 77 2.115654 1.470562 3.093862
15:19:13 78 2.116356 1.473705 3.071129
15:19:13 79 2.125379 1.489731 3.006526
15:19:13 80 2.122621 1.482703 3.040753
15:19:13 81 2.118642 1.476414 3.066629
15:19:13 82 2.121189 1.472111 3.088078
15:19:13 83 2.112579 1.461397 3.118948
15:19:13 84 2.118097 1.474662 3.059342
15:19:13 85 2.112316 1.462271 3.126334
15:19:13 86 2.119658 1.469705 3.113620
15:19:13 87 2.119140 1.478131 3.065854
15:19:13 88 2.111199 1.468837 3.100711
15:19:13 89 2.116022 1.473951 3.082617
15:19:13 90 2.115505 1.466478 3.141812
15:19:13 91 2.113893 1.467745 3.127340
15:19:13 92 2.103705 1.463937 3.121803
15:19:13 93 2.091211 1.451777 3.157360
15:19:13 94 2.097724 1.465159 3.079839
15:19:13 95 2.096874 1.455994 3.132483
15:19:13 96 2.097316 1.457759 3.120703
15:19:13 97 2.099902 1.461271 3.101614
15:19:13 98 2.105098 1.466852 3.086907
15:19:13 99 2.108112 1.474257 3.049916
15:19:13 100 2.104850 1.467071 3.083811
15:19:13 101 2.101272 1.465333 3.071660
15:19:13 102 2.102972 1.463650 3.082603
15:19:13 103 2.104494 1.474617 3.023976
15:19:13 104 2.112156 1.486077 2.983317
15:19:14 105 2.116620 1.492830 2.959850
15:19:14 106 2.115294 1.494237 2.956938
15:19:14 107 2.109414 1.480721 3.015466
15:19:14 108 2.112583 1.482271 3.012738
15:19:14 109 2.119420 1.495262 2.965431
15:19:14 110 2.123610 1.511029 2.915739
15:19:14 111 2.130949 1.504872 2.970088
15:19:14 112 2.133013 1.502048 2.975268
15:19:14 113 2.133668 1.488726 3.033462
15:19:14 114 2.132890 1.490847 3.030414
15:19:14 115 2.146085 1.516972 2.939821
15:19:14 116 2.136630 1.501695 2.985078
15:19:14 117 2.135791 1.500905 2.987729
15:19:14 118 2.124651 1.486249 3.039761
15:19:14 119 2.124896 1.485671 3.038281
15:19:14 120 2.117191 1.474559 3.082223
15:19:14 121 2.117273 1.481805 3.039808
15:19:14 122 2.124191 1.483021 3.039886
15:19:14 123 2.127078 1.490686 3.008977
15:19:14 124 2.118548 1.485732 3.015927
15:19:14 125 2.119361 1.488614 3.004017
15:19:14 126 2.113819 1.478075 3.041778
15:19:14 127 2.115215 1.479758 3.033830
15:19:14 128 2.112878 1.475890 3.050812
15:19:14 129 2.120189 1.486894 3.012191
15:19:14 130 2.128141 1.495295 2.983166
15:19:14 131 2.116430 1.481155 3.034389
15:19:14 132 2.120302 1.484642 3.015660
15:19:14 133 2.117345 1.486240 3.003976
15:19:14 134 2.108407 1.477287 3.032945
15:19:14 135 2.106197 1.466267 3.090407
15:19:14 136 2.097461 1.453211 3.154156
15:19:14 137 2.104058 1.463319 3.115702
15:19:14 138 2.104493 1.460727 3.131269
15:19:14 139 2.110566 1.462910 3.126423
15:19:14 140 2.112443 1.465163 3.116538
15:19:14 141 2.112990 1.462732 3.143659
15:19:15 142 2.116710 1.466090 3.142082
15:19:15 143 2.109575 1.455226 3.202983
15:19:15 144 2.116024 1.462013 3.163512
15:19:15 145 2.110987 1.453114 3.212517
15:19:15 146 2.100764 1.443865 3.252472
15:19:15 147 2.111065 1.453211 3.221696
15:19:15 148 2.112298 1.450914 3.241051
15:19:15 149 2.118857 1.463295 3.174663
15:19:15 150 2.118014 1.464144 3.185080
15:19:15 151 2.107282 1.457041 3.211397
15:19:15 152 2.111335 1.462043 3.171334
15:19:15 153 2.109030 1.455197 3.207008
15:19:15 154 2.118330 1.463443 3.168640
15:19:15 155 2.121328 1.463420 3.182831
15:19:15 156 2.127434 1.478295 3.101052
15:19:15 157 2.117947 1.466551 3.147179
15:19:15 158 2.119466 1.481392 3.055900
15:19:15 159 2.120335 1.487796 3.014503
15:19:15 160 2.126752 1.493495 2.991357
15:19:15 161 2.125688 1.481596 3.053543
15:19:15 162 2.117235 1.470479 3.104166
15:19:15 163 2.113997 1.458229 3.176594
15:19:15 164 2.117168 1.474641 3.084458
15:19:15 165 2.124676 1.481296 3.052701
15:19:15 166 2.132025 1.496201 2.996529
15:19:15 167 2.125326 1.491452 3.011351
15:19:15 168 2.130282 1.511089 2.938003
15:19:15 169 2.133285 1.517891 2.914539
15:19:15 170 2.139443 1.526573 2.892919
15:19:15 171 2.146988 1.545390 2.825203
15:19:15 172 2.140009 1.536500 2.844078
15:19:15 173 2.143323 1.533862 2.854911
15:19:15 174 2.141140 1.525020 2.875972
15:19:15 175 2.127122 1.500120 2.951459
15:19:15 176 2.126478 1.503510 2.926292
15:19:15 177 2.132619 1.519062 2.871018
15:19:15 178 2.136387 1.521793 2.866435
15:19:16 179 2.138081 1.521381 2.872591
15:19:16 180 2.147912 1.542893 2.816177
15:19:16 181 2.145086 1.543710 2.813693
15:19:16 182 2.143458 1.547019 2.796103
15:19:16 183 2.134636 1.538469 2.812083
15:19:16 184 2.133923 1.534600 2.830890
15:19:16 185 2.139247 1.539385 2.819375
15:19:16 186 2.129609 1.534724 2.816003
15:19:16 187 2.123026 1.520567 2.857224
15:19:16 188 2.127613 1.548697 2.762751
15:19:16 189 2.129191 1.560946 2.727952
15:19:16 190 2.114182 1.538545 2.767022
15:19:16 191 2.122433 1.548560 2.749258
15:19:16 192 2.123775 1.544312 2.767847
15:19:16 193 2.114816 1.523744 2.823080
15:19:16 194 2.116613 1.533860 2.796638
15:19:16 195 2.120209 1.535952 2.792554
15:19:16 196 2.117530 1.527916 2.816604
15:19:16 197 2.121767 1.543584 2.764660
15:19:16 198 2.116470 1.528288 2.810278
15:19:16 199 2.119723 1.538155 2.783310
15:19:16 200 2.120975 1.548793 2.746250
15:19:16 201 2.125019 1.554741 2.735301
15:19:16 202 2.124900 1.559783 2.722370
15:19:16 203 2.117405 1.533991 2.794550
15:19:16 204 2.122240 1.539018 2.786228
15:19:16 205 2.130690 1.555227 2.752161
15:19:16 206 2.119602 1.523931 2.845352
15:19:16 207 2.115106 1.505621 2.917202
15:19:16 208 2.120975 1.525416 2.849635
15:19:16 209 2.121965 1.518174 2.883546
15:19:16 210 2.126541 1.525836 2.867458
15:19:16 211 2.121342 1.522562 2.872242
15:19:16 212 2.118521 1.524444 2.854972
15:19:16 213 2.125738 1.538991 2.822593
15:19:16 214 2.129546 1.542909 2.813084
15:19:17 215 2.126738 1.525946 2.864765
15:19:17 216 2.127358 1.524701 2.863951
15:19:17 217 2.124954 1.519386 2.879224
15:19:17 218 2.118515 1.499171 2.945773
15:19:17 219 2.119423 1.519483 2.858243
15:19:17 220 2.121013 1.517249 2.863940
15:19:17 221 2.108330 1.513881 2.843483
15:19:17 222 2.112863 1.531607 2.786691
15:19:17 223 2.108375 1.517105 2.831182
15:19:17 224 2.113896 1.534607 2.780021
15:19:17 225 2.119283 1.540855 2.764961
15:19:17 226 2.117816 1.524442 2.822776
15:19:17 227 2.107599 1.507487 2.861753
15:19:17 228 2.114134 1.513292 2.854815
15:19:17 229 2.119937 1.510690 2.888107
15:19:17 230 2.116293 1.512602 2.875743
15:19:17 231 2.119410 1.524474 2.827582
15:19:17 232 2.127970 1.522771 2.849377
15:19:17 233 2.128965 1.517864 2.884201
15:19:17 234 2.129003 1.521681 2.863056
15:19:17 235 2.133226 1.524473 2.859918
15:19:17 236 2.136585 1.521461 2.879130
15:19:17 237 2.128146 1.500147 2.944178
15:19:17 238 2.126670 1.504386 2.919730
15:19:17 239 2.134126 1.524921 2.854782
15:19:17 240 2.141724 1.522424 2.881999
15:19:17 241 2.145592 1.536143 2.833457
15:19:17 242 2.138282 1.511256 2.918373
15:19:17 243 2.136994 1.508738 2.935359
15:19:17 244 2.131151 1.509635 2.915940
15:19:17 245 2.131719 1.512531 2.910775
15:19:17 246 2.135152 1.519083 2.892422
15:19:17 247 2.139045 1.532938 2.849261
15:19:17 248 2.138477 1.533975 2.843115
15:19:17 249 2.136866 1.518108 2.895546
15:19:17 250 2.132984 1.519494 2.881055
15:19:17 251 2.128681 1.502222 2.943515
15:19:18 252 2.118990 1.496311 2.943885
15:19:18 253 2.123849 1.510931 2.897140
15:19:18 254 2.111160 1.487763 2.988750
15:19:18 255 2.113716 1.502280 2.921801
15:19:18 0 2.124998 1.524564 2.854932
15:19:18 1 2.109393 1.488755 2.985611
15:19:18 2 2.112864 1.490085 2.990019
15:19:18 3 2.117776 1.501251 2.945773
15:19:18 4 2.117232 1.494992 2.969825
15:19:18 5 2.115406 1.491357 2.990948
15:19:18 6 2.112782 1.483027 3.021411
15:19:18 7 2.104418 1.473162 3.049104
15:19:18 8 2.108600 1.496225 2.935245
15:19:18 9 2.104871 1.493818 2.945141
15:19:18 10 2.100231 1.491131 2.945971
15:19:18 11 2.089954 1.475426 2.993726
15:19:18 12 2.096103 1.483021 2.979293
15:19:18 13 2.085765 1.470945 3.029460
15:19:18 14 2.088359 1.478521 2.994355
15:19:18 15 2.090614 1.487670 2.947220
15:19:18 16 2.090806 1.490872 2.936709
15:19:18 17 2.092911 1.495026 2.933115
15:19:18 18 2.107517 1.511152 2.892291
15:19:18 19 2.106571 1.511846 2.891804
15:19:18 20 2.098877 1.490814 2.963331
15:19:18 21 2.103060 1.493725 2.958434
