11:40:12 202 -nan(ind) -nan(ind) -nan(ind)
11:40:12 203 -nan(ind) -nan(ind) -nan(ind)
11:40:12 204 -nan(ind) -nan(ind) -nan(ind)
11:40:12 205 -nan(ind) -nan(ind) -nan(ind)
11:40:12 206 -nan(ind) -nan(ind) -nan(ind)
11:40:12 207 -nan(ind) -nan(ind) -nan(ind)
11:40:12 208 -nan(ind) -nan(ind) -nan(ind)
11:40:12 209 -nan(ind) -nan(ind) -nan(ind)
11:40:12 210 1.118188 1.239058 1.987655
11:40:12 211 1.414824 1.208648 1.465940
11:40:12 212 1.312665 1.395557 1.656199
11:40:12 213 1.280957 1.412554 1.704644
11:40:13 214 1.284923 1.373283 1.632426
11:40:13 215 1.337858 1.231080 1.510790
11:40:13 216 1.330157 1.218030 1.534719
11:40:13 217 1.274316 1.079367 2.368712
11:40:13 218 1.610115 1.010070 2.387930
11:40:13 219 -nan(ind) -nan(ind) -nan(ind)
11:40:13 220 -nan(ind) -nan(ind) -nan(ind)
11:40:13 221 -nan(ind) -nan(ind) -nan(ind)
11:40:13 222 -nan(ind) -nan(ind) -nan(ind)
11:40:13 223 -nan(ind) -nan(ind) -nan(ind)
11:40:13 224 0.762833 0.698137 1.351732
11:40:13 225 0.745830 0.679169 1.355817
11:40:13 226 0.733954 0.669111 1.364097
11:40:13 227 0.724006 0.817896 1.560202
11:40:13 228 0.711868 0.809948 1.568492
11:40:13 229 0.748130 0.872846 1.414958
11:40:13 230 0.736016 0.864636 1.422271
11:40:13 231 0.705154 0.866187 1.416490
11:40:13 232 0.693133 0.857541 1.421101
11:40:13 233 0.682264 0.845906 1.422832
11:40:13 234 0.521683 0.752206 1.179705
11:40:13 235 0.507398 0.740759 1.175876
11:40:13 236 0.550432 0.985172 1.553265
11:40:13 237 0.974740 0.974810 1.002664
11:40:13 238 0.968558 0.969834 0.996123
11:40:13 239 1.145217 1.067298 1.268895
11:40:13 240 0.582092 0.768769 1.559450
11:40:13 241 0.574226 0.764359 1.560019
11:40:13 242 0.565518 0.756272 1.558954
11:40:13 243 0.562743 0.755427 1.567164
11:40:13 244 0.633312 1.061506 1.919877
11:40:13 245 1.152933 1.056680 1.253158
11:40:13 246 0.548090 0.743466 1.575630
11:40:13 247 0.547016 0.742702 1.581822
11:40:13 248 0.543016 0.738590 1.583376
11:40:13 249 0.538446 0.734322 1.584173
11:40:14 250 1.090815 0.833945 1.459805
11:40:14 251 1.089921 0.832302 1.462576
11:40:14 252 1.055459 0.831378 1.566066
11:40:14 253 1.032624 1.082913 1.604145
11:40:14 254 1.067468 0.922659 1.343611
11:40:14 255 1.066515 0.920751 1.343880
11:40:14 0 1.066501 0.919743 1.345537
11:40:14 1 1.062495 0.919960 1.341575
11:40:14 2 1.063412 0.918953 1.345020
11:40:14 3 1.063673 0.916817 1.347604
11:40:14 4 1.063914 0.914322 1.350644
11:40:14 5 1.063187 0.914738 1.350866
11:40:14 6 1.060356 0.914864 1.347326
11:40:14 7 1.334059 0.938099 1.238353
11:40:14 8 1.054523 0.914605 1.340130
11:40:14 9 1.057236 0.913638 1.344312
11:40:14 10 1.058471 0.911341 1.348207
11:40:14 11 1.336425 0.933107 1.242236
11:40:14 12 1.337611 0.931198 1.244040
11:40:14 13 1.338253 0.930368 1.243337
11:40:14 14 1.339824 0.931744 1.245726
11:40:14 15 1.341027 0.931258 1.249262
11:40:14 16 1.338506 0.932000 1.246455
11:40:14 17 1.339041 0.930012 1.245696
11:40:14 18 1.339391 0.930477 1.245479
11:40:14 19 1.340573 0.928806 1.247207
11:40:14 20 1.341100 0.929327 1.245236
11:40:14 21 1.338607 0.928525 1.241019
11:40:14 22 1.338155 0.928260 1.241485
11:40:14 23 1.338120 0.926298 1.241077
11:40:14 24 1.055646 0.906279 1.355242
11:40:14 25 1.034642 1.068080 1.592835
11:40:14 26 1.294897 1.057169 1.249101
11:40:14 27 1.056128 0.901003 1.359495
11:40:14 28 1.057266 0.901047 1.361660
11:40:14 29 1.056499 0.901665 1.360839
11:40:14 30 1.057284 0.900660 1.362557
11:40:15 31 1.058895 0.900693 1.366221
11:40:15 32 1.058470 0.900206 1.365703
11:40:15 33 1.057172 0.899305 1.364443
11:40:15 34 1.053833 0.897326 1.360277
11:40:15 35 1.039269 1.061114 1.576902
11:40:15 36 1.046128 0.898219 1.348752
11:40:15 37 1.043819 0.899550 1.343076
11:40:15 38 1.044262 0.899503 1.345102
11:40:15 39 1.044864 0.899422 1.344854
11:40:15 40 1.044661 0.898099 1.345115
11:40:15 41 1.045604 0.897544 1.346516
11:40:15 42 1.045269 0.896973 1.344470
11:40:15 43 1.045142 0.894844 1.345123
11:40:15 44 1.008716 1.063805 1.608284
11:40:15 45 1.320042 1.057449 1.211139
11:40:15 46 1.287146 1.052819 1.246696
11:40:15 47 1.048299 0.897469 1.353475
11:40:15 48 1.049282 0.897807 1.354554
11:40:15 49 1.051047 0.897105 1.358031
11:40:15 50 1.018942 1.064216 1.604140
11:40:15 51 1.314764 1.058038 1.222120
11:40:15 52 1.287355 1.053891 1.249550
11:40:15 53 1.052451 0.897788 1.358133
11:40:15 54 1.016751 1.065657 1.613242
11:40:15 55 1.045930 0.895400 1.350360
11:40:15 56 1.047997 0.895470 1.352642
11:40:15 57 1.049582 0.896132 1.353637
11:40:15 58 1.051060 0.894786 1.355328
11:40:15 59 1.041947 1.057965 1.578629
11:40:15 60 1.287499 1.049552 1.255097
11:40:15 61 1.052333 0.893944 1.355304
11:40:15 62 1.054167 0.894410 1.357645
11:40:15 63 1.054838 0.895900 1.359893
11:40:15 64 1.054510 0.896434 1.358610
11:40:15 65 1.054427 0.896212 1.358089
11:40:15 66 1.057518 0.896773 1.362152
11:40:16 67 1.058410 0.896077 1.364524
11:40:16 68 1.058250 0.896257 1.364951
11:40:16 69 1.059060 0.896979 1.365847
11:40:16 70 1.058828 0.896863 1.365589
11:40:16 71 1.032910 0.788170 1.591968
11:40:16 72 1.031476 0.787187 1.591301
11:40:16 73 1.055807 0.893753 1.360317
11:40:16 74 1.056932 0.894183 1.363070
11:40:16 75 1.057429 0.896736 1.362781
11:40:16 76 1.053637 0.894988 1.357961
11:40:16 77 1.054619 0.895865 1.359072
11:40:16 78 1.054399 0.893786 1.360024
11:40:16 79 1.055305 0.893533 1.360542
11:40:16 80 1.054204 0.890841 1.359201
11:40:16 81 1.048661 0.889166 1.352134
11:40:16 82 1.049878 0.891086 1.353749
11:40:16 83 1.050947 0.890294 1.356073
11:40:16 84 1.047799 0.890114 1.353431
11:40:16 85 1.044569 0.889152 1.348743
11:40:16 86 1.017878 1.061868 1.610606
11:40:16 87 1.302492 1.051936 1.236264
11:40:16 88 1.045315 0.891695 1.350748
11:40:16 89 1.045812 0.893238 1.349180
11:40:16 90 1.046421 0.892970 1.351339
11:40:16 91 1.023268 1.061912 1.602023
11:40:16 92 1.045536 0.893557 1.350661
11:40:16 93 1.040862 0.892737 1.345301
11:40:16 94 1.043598 0.893714 1.349676
11:40:16 95 1.045791 0.894176 1.354281
11:40:16 96 1.046670 0.896029 1.353243
11:40:16 97 1.048230 0.895808 1.355404
11:40:16 98 1.050334 0.894735 1.357432
11:40:16 99 1.049316 0.894056 1.355912
11:40:16 100 1.046208 0.894192 1.352479
11:40:16 101 1.042170 0.893521 1.346889
11:40:16 102 1.043208 0.891703 1.348331
11:40:16 103 1.044055 0.892622 1.349806
11:40:17 104 1.046317 0.893311 1.353699
11:40:17 105 1.047802 0.893178 1.355175
11:40:17 106 1.050095 0.893423 1.357421
11:40:17 107 1.028292 1.059051 1.607474
11:40:17 108 1.037688 1.058881 1.592121
11:40:17 109 1.325751 1.055949 1.223500
11:40:17 110 1.300112 1.051928 1.251289
11:40:17 111 1.058220 0.897568 1.369694
11:40:17 112 1.058095 0.897700 1.369246
11:40:17 113 1.059669 0.897332 1.372615
11:40:17 114 1.060757 0.898281 1.374081
11:40:17 115 1.285649 1.051432 1.275771
11:40:17 116 1.059884 0.898809 1.371700
11:40:17 117 1.061112 0.899359 1.373093
11:40:17 118 1.060016 0.897877 1.370757
11:40:17 119 1.057666 0.897886 1.365450
11:40:17 120 1.053885 0.898500 1.359350
11:40:17 121 1.055467 0.899784 1.358950
11:40:17 122 1.058967 0.900263 1.362395
11:40:17 123 1.059030 0.899433 1.361663
11:40:17 124 1.058662 0.897405 1.363331
11:40:17 125 1.020966 1.058372 1.627763
11:40:17 126 1.334028 1.050263 1.221437
11:40:17 127 1.299703 1.045956 1.256265
11:40:17 128 1.060616 0.894064 1.368595
11:40:17 129 1.060955 0.896590 1.368869
11:40:17 130 1.062382 0.896529 1.369388
11:40:17 131 1.063487 0.896820 1.371325
11:40:17 132 1.032968 1.056857 1.607386
11:40:17 133 1.043013 1.054374 1.589836
11:40:17 134 1.057418 0.896239 1.364346
11:40:17 135 1.059173 0.897173 1.366159
11:40:17 136 1.060123 0.898660 1.367487
11:40:17 137 1.028603 1.060622 1.623556
11:40:17 138 1.042459 1.057475 1.598433
11:40:17 139 1.058136 0.898517 1.365902
11:40:18 140 1.058352 0.898679 1.366702
11:40:18 141 1.057233 0.900898 1.365784
11:40:18 142 1.056918 0.898998 1.367169
11:40:18 143 1.058948 0.899539 1.370937
11:40:18 144 1.059242 0.898928 1.372173
11:40:18 145 1.059353 0.899912 1.371501
11:40:18 146 1.060360 0.899326 1.373505
11:40:18 147 1.028425 1.059585 1.617644
11:40:18 148 1.055382 0.897799 1.367667
11:40:18 149 1.051785 0.896574 1.363223
11:40:18 150 1.051296 0.894845 1.364949
11:40:18 151 1.051032 0.893063 1.363764
11:40:18 152 1.048537 0.892701 1.360607
11:40:18 153 1.048863 0.892378 1.359513
11:40:18 154 1.048611 0.891193 1.360033
11:40:18 155 1.051513 0.893190 1.362761
11:40:18 156 1.053120 0.895414 1.363052
11:40:18 157 1.053862 0.894914 1.365641
11:40:18 158 1.037750 1.057183 1.597607
11:40:18 159 1.319025 1.053265 1.236869
11:40:18 160 1.057609 0.894566 1.371072
11:40:18 161 1.057808 0.893777 1.372092
11:40:18 162 1.060560 0.895108 1.375818
11:40:18 163 1.307341 1.051173 1.252632
11:40:18 164 1.058074 0.893373 1.370740
11:40:18 165 1.060801 0.894610 1.373315
11:40:18 166 1.062045 0.895002 1.375169
11:40:18 167 1.061460 0.894349 1.373536
11:40:18 168 1.061552 0.894498 1.373171
11:40:18 169 1.062591 0.894150 1.374016
11:40:18 170 1.063460 0.894808 1.374436
11:40:18 171 1.059732 0.894029 1.370302
11:40:18 172 1.057749 0.890029 1.368785
11:40:18 173 1.314457 1.050926 1.237949
11:40:18 174 1.282470 1.047060 1.271013
11:40:18 175 1.057725 0.892788 1.369715
11:40:18 176 1.057517 0.893804 1.369824
11:40:19 177 1.056320 0.892620 1.368658
11:40:19 178 1.029797 1.059318 1.609754
11:40:19 179 1.310725 1.051376 1.246273
11:40:19 180 1.055642 0.892544 1.370476
11:40:19 181 1.054569 0.891937 1.369212
11:40:19 182 1.054946 0.890568 1.368559
11:40:19 183 1.054106 0.888095 1.367450
11:40:19 184 1.052190 0.885095 1.365074
11:40:19 185 1.053061 0.885900 1.365603
11:40:19 186 1.054428 0.885882 1.366399
11:40:19 187 1.052593 0.885170 1.365412
11:40:19 188 1.053185 0.886160 1.366193
11:40:19 189 1.028677 0.782666 1.592818
11:40:19 190 1.028208 0.782859 1.594239
11:40:19 191 1.028469 0.782161 1.595878
11:40:19 192 1.028858 0.784865 1.596118
11:40:19 193 1.028124 0.782059 1.593174
11:40:19 194 1.055727 0.889106 1.369731
11:40:19 195 1.029749 0.785760 1.595471
11:40:19 196 1.030220 0.785906 1.596824
11:40:19 197 1.031028 0.785796 1.596562
11:40:19 198 1.031054 0.784670 1.596922
11:40:19 199 1.031812 0.784552 1.596012
11:40:19 200 1.032018 0.786722 1.595135
11:40:19 201 1.032240 0.788225 1.595491
11:40:19 202 1.056394 0.890834 1.369365
11:40:19 203 1.057484 0.890962 1.370694
11:40:19 204 1.032049 0.787083 1.597043
11:40:19 205 1.030891 0.788265 1.598286
11:40:19 206 1.030509 0.789835 1.597425
11:40:19 207 1.032369 0.790695 1.598150
11:40:19 208 1.030793 0.788817 1.595770
11:40:19 209 1.029167 0.785208 1.595751
11:40:19 210 1.030508 0.785935 1.597798
11:40:19 211 1.056103 0.888716 1.370489
11:40:19 212 1.051060 0.887519 1.363623
11:40:20 213 1.053186 0.886533 1.365415
11:40:20 214 1.053201 0.885843 1.366384
11:40:20 215 1.054357 0.885067 1.369891
11:40:20 216 1.055425 0.884534 1.370912
11:40:20 217 1.055328 0.883375 1.369728
11:40:20 218 1.052301 0.885197 1.365616
11:40:20 219 1.052986 0.886664 1.364898
11:40:20 220 1.054229 0.888424 1.367440
11:40:20 221 1.056323 0.889932 1.370658
11:40:20 222 1.058208 0.889227 1.371147
11:40:20 223 1.059562 0.890003 1.373758
11:40:20 224 1.059648 0.889768 1.374135
11:40:20 225 1.033932 0.786692 1.602532
11:40:20 226 1.056691 0.889102 1.370697
11:40:20 227 1.054346 0.891292 1.367481
11:40:20 228 1.055272 0.892197 1.368756
11:40:20 229 1.054322 0.892607 1.366261
11:40:20 230 1.054274 0.894192 1.365401
11:40:20 231 1.055603 0.893342 1.366577
11:40:20 232 1.056280 0.893990 1.367189
11:40:20 233 1.055793 0.890865 1.367914
11:40:20 234 1.057096 0.890308 1.368179
11:40:20 235 1.057497 0.891135 1.370019
11:40:20 236 1.053099 0.890750 1.364800
11:40:20 237 1.054164 0.889161 1.366054
11:40:20 238 1.320747 1.050081 1.224255
11:40:20 239 1.285848 1.045987 1.261453
11:40:20 240 1.053158 0.890621 1.364100
11:40:20 241 1.053495 0.890151 1.365522
11:40:20 242 1.052804 0.888817 1.364928
11:40:20 243 1.053909 0.888887 1.366968
11:40:20 244 1.055377 0.888401 1.370208
11:40:20 245 1.055188 0.888743 1.370871
11:40:20 246 1.055588 0.888828 1.371934
11:40:20 247 1.056149 0.889134 1.371717
11:40:20 248 1.051497 0.888700 1.367009
11:40:20 249 1.293675 1.047191 1.250193
11:40:21 250 1.047662 0.885887 1.362861
11:40:21 251 1.047261 0.885599 1.363386
11:40:21 252 1.048122 0.885847 1.365398
11:40:21 253 1.049687 0.887231 1.366156
11:40:21 254 1.050871 0.886903 1.367571
11:40:21 255 1.052253 0.887359 1.368738
11:40:21 0 1.049275 0.888092 1.365074
11:40:21 1 1.049722 0.886124 1.364631
11:40:21 2 1.052317 0.890198 1.367621
11:40:21 3 1.052975 0.889334 1.367997
11:40:21 4 1.055101 0.890996 1.370257
11:40:21 5 1.055942 0.890745 1.371653
11:40:21 6 1.056968 0.893027 1.372119
11:40:21 7 1.056061 0.891486 1.370987
11:40:21 8 1.056582 0.891628 1.372257
11:40:21 9 1.052500 0.891896 1.365857
11:40:21 10 1.053022 0.891040 1.367022
11:40:21 11 1.053243 0.890207 1.367991
11:40:21 12 1.055973 0.891556 1.370273
11:40:21 13 1.057377 0.892206 1.372366
11:40:21 14 1.031527 0.788708 1.600690
11:40:21 15 1.055843 0.889896 1.370993
11:40:21 16 1.056729 0.889132 1.372031
11:40:21 17 1.292430 1.045624 1.256728
11:40:21 18 1.289051 1.043518 1.259452
11:40:21 19 1.053650 0.889245 1.366363
11:40:21 20 1.054043 0.888768 1.367545
11:40:21 21 1.055893 0.888775 1.371330
11:40:21 22 1.285609 1.045232 1.262180
11:40:21 23 1.047635 0.888701 1.357374
11:40:21 24 1.042929 0.888560 1.352011
11:40:21 25 1.043318 0.887580 1.354032
11:40:21 26 1.045449 0.887207 1.356649
11:40:21 27 1.046225 0.886723 1.356948
11:40:21 28 1.044108 0.886609 1.354845
11:40:21 29 1.040674 0.885092 1.350517
11:40:22 30 1.037857 0.886630 1.346903
11:40:22 31 1.041384 0.888436 1.351398
11:40:22 32 1.042013 0.888508 1.352213
11:40:22 33 1.042707 0.886868 1.354199
11:40:22 34 1.044714 0.886206 1.357608
11:40:22 35 1.046262 0.887076 1.360668
11:40:22 36 1.047380 0.886488 1.362206
11:40:22 37 1.016434 1.056191 1.622159
11:40:22 38 1.331270 1.051235 1.218019
11:40:22 39 1.300415 1.047366 1.250767
11:40:22 40 1.052852 0.889616 1.369708
11:40:22 41 1.012748 1.062076 1.636962
11:40:22 42 1.046850 0.889938 1.358551
11:40:22 43 1.048370 0.889551 1.359218
11:40:22 44 1.050642 0.890854 1.362057
11:40:22 45 1.018806 1.060398 1.619536
11:40:22 46 1.311068 1.050291 1.236954
11:40:22 47 1.286323 1.046809 1.268553
11:40:22 48 1.055636 0.892122 1.368580
11:40:22 49 1.017014 1.061536 1.625899
11:40:22 50 1.333620 1.055134 1.213832
11:40:22 51 1.304306 1.052259 1.243409
11:40:22 52 1.279197 1.048149 1.267501
11:40:22 53 1.052530 0.892401 1.364732
11:40:22 54 1.052430 0.891570 1.364175
11:40:22 55 1.052250 0.889783 1.364401
11:40:22 56 1.289289 1.047818 1.256662
11:40:22 57 1.046800 0.888715 1.358291
11:40:22 58 1.041130 0.885039 1.351017
11:40:22 59 1.042022 0.884603 1.352263
11:40:22 60 1.044337 0.884610 1.355426
11:40:22 61 1.045078 0.885084 1.357379
11:40:22 62 1.027365 1.053446 1.597700
11:40:22 63 1.307931 1.048386 1.235452
11:40:22 64 1.047158 0.884433 1.360824
11:40:22 65 1.044185 0.885957 1.355010
11:40:22 66 1.041471 0.887736 1.350024
11:40:23 67 1.041073 0.888128 1.349627
11:40:23 68 1.038337 0.888454 1.347545
11:40:23 69 1.040081 0.887511 1.348767
11:40:23 70 1.041269 0.887810 1.350636
11:40:23 71 1.042482 0.886234 1.352141
11:40:23 72 1.043677 0.886913 1.354440
11:40:23 73 1.044753 0.886108 1.355560
11:40:23 74 1.043566 0.886757 1.355112
11:40:23 75 1.041368 0.886099 1.351800
11:40:23 76 1.043112 0.888850 1.353203
11:40:23 77 1.043057 0.888705 1.354291
11:40:23 78 1.044848 0.890712 1.356539
11:40:23 79 1.047071 0.891042 1.359769
11:40:23 80 1.048517 0.891611 1.361745
11:40:23 81 1.018500 1.061406 1.623022
11:40:23 82 1.031360 1.060369 1.606587
11:40:23 83 1.300867 1.050883 1.252559
11:40:23 84 1.054854 0.893413 1.369947
11:40:23 85 1.057641 0.894850 1.371687
11:40:23 86 1.017397 1.063938 1.631930
11:40:23 87 1.051802 0.895433 1.362643
11:40:23 88 1.048977 0.894988 1.358612
11:40:23 89 1.046056 0.893008 1.356210
11:40:23 90 1.046239 0.893549 1.357533
11:40:23 91 1.048946 0.893868 1.360992
11:40:23 92 1.050616 0.894287 1.363442
11:40:23 93 1.050566 0.893214 1.364286
11:40:23 94 1.012344 1.063480 1.638026
11:40:23 95 1.334442 1.054964 1.221946
11:40:23 96 1.285484 1.047860 1.276132
11:40:23 97 1.056272 0.893350 1.370642
11:40:23 98 1.057202 0.892789 1.372412
11:40:23 99 1.056702 0.890972 1.373804
11:40:23 100 1.056372 0.891185 1.373175
11:40:23 101 1.053155 0.888634 1.369009
11:40:23 102 1.299701 1.048560 1.253681
11:40:24 103 1.047399 0.889099 1.362341
11:40:24 104 1.048252 0.889403 1.363894
11:40:24 105 1.049475 0.891184 1.363735
11:40:24 106 1.042515 1.054391 1.588345
11:40:24 107 1.299759 1.048384 1.257601
11:40:24 108 1.053888 0.890872 1.368819
11:40:24 109 1.054313 0.892205 1.368237
11:40:24 110 1.053754 0.890471 1.370245
11:40:24 111 1.306537 1.047812 1.244389
11:40:24 112 1.049584 0.890033 1.363685
11:40:24 113 1.049141 0.889125 1.363036
11:40:24 114 1.013177 1.062210 1.633147
11:40:24 115 1.050614 0.892578 1.363944
11:40:24 116 1.051314 0.895771 1.365278
11:40:24 117 1.039741 1.058548 1.589635
11:40:24 118 1.312038 1.054727 1.236150
11:40:24 119 1.050616 0.896194 1.362024
11:40:24 120 1.046229 0.893865 1.356009
11:40:24 121 1.048164 0.894700 1.356835
11:40:24 122 1.047932 0.893951 1.356110
11:40:24 123 1.048441 0.893769 1.357179
11:40:24 124 1.049700 0.892061 1.360448
11:40:24 125 1.046591 0.891595 1.357715
11:40:24 126 1.046783 0.890898 1.359491
11:40:24 127 1.046614 0.888828 1.360971
11:40:24 128 1.048162 0.888910 1.362909
11:40:24 129 1.033230 1.054206 1.592942
11:40:24 130 1.045787 0.889075 1.360642
11:40:24 131 1.047830 0.891012 1.363203
11:40:24 132 1.047994 0.890537 1.362824
11:40:24 133 1.308329 1.049913 1.238749
11:40:24 134 1.298512 1.047738 1.248714
11:40:24 135 1.046994 0.890012 1.361622
11:40:24 136 1.046758 0.887764 1.360689
11:40:24 137 1.026489 1.054771 1.600804
11:40:24 138 1.325470 1.050085 1.216776
11:40:24 139 1.047106 0.888675 1.358009
11:40:25 140 1.042853 0.887812 1.351363
11:40:25 141 1.044013 0.888157 1.352528
11:40:25 142 1.046545 0.890225 1.355483
11:40:25 143 1.047707 0.890765 1.358248
11:40:25 144 1.043859 0.891384 1.350803
11:40:25 145 1.044139 0.892220 1.348984
11:40:25 146 1.045213 0.891205 1.351107
11:40:25 147 1.046437 0.891350 1.351899
11:40:25 148 1.046228 0.889773 1.354049
11:40:25 149 1.041643 0.887598 1.349134
11:40:25 150 1.044877 0.890354 1.352761
11:40:25 151 1.046194 0.889641 1.353710
11:40:25 152 1.042330 0.889108 1.348278
11:40:25 153 1.042614 0.888426 1.349646
11:40:25 154 1.046202 0.889687 1.354774
11:40:25 155 1.046001 0.891299 1.355987
11:40:25 156 1.043008 0.890769 1.354072
11:40:25 157 1.044285 0.890786 1.355610
11:40:25 158 1.046156 0.890665 1.356703
11:40:25 159 1.046294 0.889655 1.357525
11:40:25 160 1.042925 0.890385 1.353486
11:40:25 161 1.040697 0.890591 1.350395
11:40:25 162 1.041436 0.889381 1.351045
11:40:25 163 1.041879 0.889451 1.352204
11:40:25 164 1.042241 0.887911 1.351666
11:40:25 165 1.038077 0.887657 1.345112
11:40:25 166 1.039182 0.886426 1.348116
11:40:25 167 1.040757 0.886594 1.351084
11:40:25 168 1.042048 0.885651 1.352067
11:40:25 169 1.038261 0.886451 1.345057
11:40:25 170 1.040297 0.888912 1.347025
11:40:25 171 1.041432 0.891077 1.346577
11:40:25 172 1.041342 0.891046 1.347244
11:40:25 173 1.038622 0.889711 1.344508
11:40:25 174 1.041664 0.892342 1.346510
11:40:25 175 1.041495 0.888543 1.348757
11:40:25 176 1.042701 0.888851 1.350402
11:40:26 177 1.042295 0.889984 1.348126
11:40:26 178 1.043905 0.891661 1.349321
11:40:26 179 1.045039 0.891200 1.351078
11:40:26 180 1.046617 0.891653 1.354689
11:40:26 181 1.048099 0.891422 1.356917
11:40:26 182 1.049747 0.893298 1.358944
11:40:26 183 1.052379 0.893821 1.361619
11:40:26 184 1.032889 1.056602 1.597009
11:40:26 185 1.297619 1.049146 1.252699
11:40:26 186 1.052958 0.894528 1.362407
11:40:26 187 1.054691 0.895651 1.362700
11:40:26 188 1.055424 0.895110 1.363637
11:40:26 189 1.040367 1.054695 1.590314
11:40:26 190 1.054061 0.894610 1.360560
11:40:26 191 1.054184 0.894226 1.361546
11:40:26 192 1.054346 0.893383 1.363057
11:40:26 193 1.033235 1.054776 1.602240
11:40:26 194 1.054164 0.894518 1.363055
11:40:26 195 1.054974 0.894589 1.365382
11:40:26 196 1.054432 0.894315 1.364964
11:40:26 197 1.335541 1.055306 1.216391
11:40:26 198 1.056175 0.893782 1.370024
11:40:26 199 1.055499 0.894658 1.368415
11:40:26 200 1.015237 1.061293 1.634496
11:40:26 201 1.330159 1.052534 1.225745
11:40:26 202 1.289300 1.045534 1.268578
11:40:26 203 1.016786 1.059423 1.637610
11:40:26 204 1.047539 1.052888 1.588620
11:40:26 205 1.289426 1.045794 1.271060
11:40:26 206 1.056242 0.891419 1.371549
11:40:26 207 1.055553 0.891020 1.368841
11:40:26 208 1.051488 0.892915 1.362000
11:40:26 209 1.054070 0.894910 1.363224
11:40:26 210 1.054597 0.894931 1.363580
11:40:26 211 1.054725 0.894078 1.363024
11:40:26 212 1.051758 0.893900 1.359700
11:40:27 213 1.052649 0.894835 1.361322
11:40:27 214 1.053334 0.893277 1.362894
11:40:27 215 1.053484 0.891500 1.362562
11:40:27 216 1.336245 1.051747 1.209542
11:40:27 217 1.050874 0.890095 1.358542
11:40:27 218 1.052663 0.891666 1.360517
11:40:27 219 1.053346 0.892100 1.361193
11:40:27 220 1.032276 1.055675 1.600631
11:40:27 221 1.316731 1.050896 1.232267
11:40:27 222 1.055310 0.891833 1.364997
11:40:27 223 1.057837 0.891710 1.367794
11:40:27 224 1.060275 0.892927 1.372206
11:40:27 225 1.315383 1.050332 1.239114
11:40:27 226 1.056918 0.892289 1.367618
11:40:27 227 1.057107 0.891733 1.367082
11:40:27 228 1.056796 0.890159 1.367187
11:40:27 229 1.057354 0.892781 1.367234
11:40:27 230 1.054634 0.890709 1.364655
11:40:27 231 1.057100 0.892820 1.369139
11:40:27 232 1.059489 0.892624 1.371652
11:40:27 233 1.061674 0.895006 1.373033
11:40:27 234 1.061203 0.893668 1.374563
11:40:27 235 1.060104 0.891845 1.375024
11:40:27 236 1.061922 0.894003 1.376370
11:40:27 237 1.061939 0.892290 1.376593
11:40:27 238 1.056333 0.892307 1.369017
11:40:27 239 1.056633 0.893180 1.368296
11:40:27 240 1.058381 0.896049 1.367850
11:40:27 241 1.057648 0.895094 1.365418
11:40:27 242 1.057573 0.895127 1.366670
11:40:27 243 1.057085 0.893806 1.366296
11:40:27 244 1.057002 0.893923 1.367160
11:40:27 245 1.059971 0.896488 1.369505
11:40:27 246 1.056889 0.895285 1.364974
11:40:27 247 1.056643 0.894614 1.364491
11:40:27 248 1.057465 0.895137 1.365987
11:40:27 249 1.058716 0.897036 1.366828
11:40:28 250 1.060025 0.898296 1.367667
11:40:28 251 1.061280 0.897889 1.369586
11:40:28 252 1.061587 0.896343 1.369933
11:40:28 253 1.062895 0.899059 1.372196
11:40:28 254 1.062538 0.898236 1.370258
11:40:28 255 1.036110 0.795987 1.596205
11:40:28 0 1.059794 0.897050 1.367158
11:40:28 1 1.060262 0.896234 1.368100
11:40:28 2 1.061172 0.897078 1.368628
11:40:28 3 1.063999 0.900589 1.371414
11:40:28 4 1.063882 0.899298 1.372381
11:40:28 5 1.058771 0.897338 1.364734
11:40:28 6 1.058305 0.896917 1.364850
11:40:28 7 1.057914 0.896372 1.365480
11:40:28 8 1.058083 0.897304 1.365707
11:40:28 9 1.058422 0.896897 1.367059
11:40:28 10 1.054741 0.897533 1.362684
11:40:28 11 1.053101 0.894935 1.362993
11:40:28 12 1.052989 0.894174 1.361929
11:40:28 13 1.053804 0.893570 1.362326
11:40:28 14 1.056216 0.894578 1.365447
11:40:28 15 1.057564 0.895180 1.366145
11:40:28 16 1.057715 0.893970 1.366189
11:40:28 17 1.058727 0.893227 1.368838
11:40:28 18 1.032374 0.788912 1.597348
11:40:28 19 1.032944 0.788937 1.596529
