16:24:54 71 1.385280 1.480498 1.296186
16:24:54 72 1.256563 1.450161 1.376263
16:24:54 73 1.133035 1.420192 1.447965
16:24:54 74 1.026169 1.401974 1.527025
16:24:54 75 0.919850 1.391552 1.600385
16:24:54 76 0.792447 1.364378 1.660545
16:24:54 77 0.728082 1.347669 1.685146
16:24:54 78 0.545786 1.320865 1.763901
16:24:54 79 0.480973 1.276135 1.790702
16:24:54 80 0.443124 1.309660 1.869604
16:24:54 81 0.337942 1.296512 1.916042
16:24:54 82 0.271752 1.319732 1.943226
16:24:54 83 0.797182 1.360387 1.658593
16:24:54 84 1.188443 1.429393 1.434795
16:24:54 85 1.213777 1.491138 1.419566
16:24:54 86 1.134277 1.486759 1.488500
16:24:54 87 1.042273 1.506107 1.611156
16:24:54 88 0.684537 1.611431 1.756603
16:24:54 89 0.693786 1.671664 1.719870
16:24:54 90 0.733863 1.698450 1.697657
16:24:54 91 0.993443 1.677788 1.641766
16:24:54 92 0.672487 1.509041 1.723310
16:24:55 93 0.646532 1.506036 1.730778
16:24:55 94 0.924840 1.777979 1.432697
16:24:55 95 0.906582 1.779748 1.437012
16:24:55 96 0.890165 1.780030 1.440150
16:24:55 97 0.663701 2.237003 1.591652
16:24:55 98 0.160573 1.814005 2.063923
16:24:55 99 0.234142 2.051038 2.002318
16:24:55 100 0.212129 2.053084 2.016684
16:24:55 101 0.190350 2.055521 2.034430
16:24:55 102 0.165456 2.054795 2.048378
16:24:55 103 0.146785 2.055141 2.063443
16:24:55 104 0.286439 2.419435 1.947169
16:24:55 105 0.290557 2.445899 1.966404
16:24:55 106 0.259076 2.155846 1.590160
16:24:55 107 0.272484 2.187349 1.612406
16:24:55 108 0.295202 2.235342 1.537409
16:24:55 109 0.283071 2.230853 1.543299
16:24:55 110 0.733839 2.054087 1.426442
16:24:55 111 0.724686 2.052966 1.426358
16:24:55 112 0.713457 2.057612 1.413275
16:24:55 113 0.994261 2.064720 1.391644
16:24:55 114 0.990456 2.061228 1.396368
16:24:55 115 0.987824 2.059640 1.400435
16:24:55 116 0.641360 2.227509 1.504174
16:24:55 117 0.628543 2.225529 1.506971
16:24:55 118 0.620815 2.228687 1.507303
16:24:55 119 0.729391 2.191707 1.416869
16:24:55 120 0.635247 2.135134 1.386830
16:24:55 121 0.627771 2.141792 1.369264
16:24:55 122 0.635311 2.164050 1.380064
16:24:55 123 0.627355 2.161530 1.367621
16:24:55 124 0.625946 2.159004 1.371575
16:24:55 125 0.616898 2.156916 1.371947
16:24:55 126 0.612462 2.154600 1.376381
16:24:55 127 0.732248 2.052892 1.268283
16:24:55 128 0.725919 2.051983 1.269983
16:24:55 129 0.719405 2.050678 1.273439
16:24:56 130 0.714233 2.050257 1.272785
16:24:56 131 0.710691 2.051079 1.273087
16:24:56 132 0.719341 2.058520 1.289523
16:24:56 133 0.714893 2.054321 1.297670
16:24:56 134 0.729611 2.076966 1.290404
16:24:56 135 0.732618 2.074092 1.295766
16:24:56 136 0.728532 2.078349 1.277719
16:24:56 137 0.719303 2.077731 1.282740
16:24:56 138 0.717869 2.078390 1.283295
16:24:56 139 0.709446 2.078165 1.286467
16:24:56 140 0.877022 2.284733 1.490634
16:24:56 141 0.880520 2.298762 1.503741
16:24:56 142 0.894317 2.320189 1.515235
16:24:56 143 0.889342 2.312387 1.509089
16:24:56 144 0.889847 2.300632 1.509875
16:24:56 145 0.882010 2.298641 1.490243
16:24:56 146 0.876946 2.289456 1.495014
16:24:56 147 0.873848 2.278353 1.493438
16:24:56 148 0.865693 2.279350 1.497503
16:24:56 149 0.862575 2.279607 1.495893
16:24:56 150 0.870344 2.296224 1.508510
16:24:56 151 0.883743 2.315525 1.517749
16:24:56 152 1.049785 2.192742 1.225306
16:24:56 153 1.047517 2.186096 1.221756
16:24:56 154 1.047003 2.185066 1.217353
16:24:56 155 1.050802 2.170239 1.211643
16:24:56 156 0.882809 2.297529 1.510637
16:24:56 157 1.173751 2.453466 1.602753
16:24:56 158 0.880909 2.277056 1.503006
16:24:56 159 0.873353 2.273520 1.488308
16:24:56 160 0.882542 2.285506 1.502232
16:24:56 161 1.593009 2.317677 1.210598
16:24:56 162 1.586557 2.319565 1.211654
16:24:56 163 1.587130 2.306375 1.212290
16:24:56 164 1.582361 2.313391 1.212600
16:24:56 165 1.173273 2.454080 1.610531
16:24:57 166 1.164898 2.455144 1.612865
16:24:57 167 1.568561 2.353503 1.218390
16:24:57 168 1.566169 2.379344 1.219805
16:24:57 169 1.561446 2.384310 1.221447
16:24:57 170 1.565120 2.357111 1.222071
16:24:57 171 1.562742 2.359237 1.221577
16:24:57 172 1.559218 2.358342 1.221833
16:24:57 173 1.559297 2.359293 1.219419
16:24:57 174 1.561772 2.342117 1.219913
16:24:57 175 1.571112 2.350852 1.219158
16:24:57 176 1.579732 2.334978 1.216086
16:24:57 177 1.577420 2.323154 1.219297
16:24:57 178 1.582189 2.309368 1.217569
16:24:57 179 1.177065 2.440653 1.615550
16:24:57 180 1.584727 2.283066 1.218585
16:24:57 181 1.585631 2.275155 1.218714
16:24:57 182 1.584048 2.281115 1.215884
16:24:57 183 1.578316 2.290450 1.217607
16:24:57 184 1.149775 2.424458 1.591124
16:24:57 185 1.143888 2.426280 1.591860
16:24:57 186 1.155448 2.458873 1.614643
16:24:57 187 1.160811 2.490664 1.616447
16:24:57 188 1.155749 2.487491 1.612430
16:24:57 189 1.152353 2.488588 1.611902
16:24:57 190 1.147854 2.487155 1.611275
16:24:57 191 1.145634 2.467150 1.606531
16:24:57 192 1.132670 2.466661 1.584011
16:24:57 193 1.129154 2.470373 1.584395
16:24:57 194 1.130811 2.475366 1.586657
16:24:57 195 0.838224 2.323605 1.487677
16:24:57 196 0.838027 2.314718 1.492467
16:24:57 197 0.832076 2.315096 1.472648
16:24:57 198 0.830903 2.300667 1.472492
16:24:57 199 0.836256 2.290498 1.469883
16:24:57 200 0.838061 2.279036 1.467086
16:24:57 201 0.836516 2.269548 1.467187
16:24:57 202 0.835435 2.272305 1.467374
16:24:58 203 0.831669 2.277110 1.451545
16:24:58 204 0.854768 2.303069 1.471674
16:24:58 205 0.873296 2.316680 1.488545
16:24:58 206 0.870402 2.306057 1.488291
16:24:58 207 0.860507 2.299385 1.488076
16:24:58 208 0.852847 2.296068 1.488160
16:24:58 209 0.854008 2.299525 1.490462
16:24:58 210 0.868170 2.321989 1.505720
16:24:58 211 0.884053 2.343833 1.518839
16:24:58 212 1.054439 2.212999 1.221105
16:24:58 213 1.050812 2.211514 1.220534
16:24:58 214 1.055140 2.199091 1.218250
16:24:58 215 1.052709 2.197981 1.218768
16:24:58 216 1.047171 2.197171 1.221105
16:24:58 217 0.881951 2.335988 1.507234
16:24:58 218 0.876626 2.329791 1.502631
16:24:58 219 0.867361 2.335326 1.482555
16:24:58 220 0.878449 2.338927 1.499536
16:24:58 221 1.061552 2.200481 1.218601
16:24:58 222 0.890324 2.340745 1.518013
16:24:58 223 0.889836 2.322850 1.513162
16:24:58 224 0.887127 2.310506 1.513880
16:24:58 225 1.062188 2.159255 1.224620
16:24:58 226 1.062577 2.150514 1.225564
16:24:58 227 1.062514 2.143407 1.227269
16:24:58 228 0.879806 2.296977 1.510768
16:24:58 229 0.875873 2.293743 1.508834
16:24:58 230 0.867864 2.294932 1.492447
16:24:58 231 0.859216 2.301267 1.475051
16:24:58 232 0.856966 2.300242 1.473307
16:24:58 233 0.874511 2.324409 1.490746
16:24:58 234 0.867983 2.323939 1.493078
16:24:58 235 0.861504 2.321435 1.493807
16:24:58 236 0.866231 2.352537 1.492772
16:24:58 237 0.863788 2.347442 1.489796
16:24:58 238 0.861294 2.342002 1.488858
16:24:59 239 0.853055 2.348893 1.472330
16:24:59 240 0.862896 2.363738 1.484806
16:24:59 241 0.858189 2.359028 1.488257
16:24:59 242 0.857550 2.357515 1.487414
16:24:59 243 0.855446 2.357073 1.489383
16:24:59 244 0.852864 2.353688 1.490658
16:24:59 245 0.851058 2.337349 1.489307
16:24:59 246 0.852664 2.324498 1.489563
16:24:59 247 0.852622 2.309395 1.490897
16:24:59 248 0.855644 2.299828 1.491176
16:24:59 249 0.856015 2.292886 1.491973
16:24:59 250 0.853475 2.281439 1.493454
16:24:59 251 0.849765 2.279973 1.494543
16:24:59 252 0.872505 2.295638 1.509065
16:24:59 253 0.861458 2.303722 1.492736
16:24:59 254 0.851896 2.302721 1.482922
16:24:59 255 0.855270 2.292486 1.484403
16:24:59 0 0.850915 2.296957 1.470507
16:24:59 1 0.851608 2.290603 1.474406
16:24:59 2 0.855263 2.278287 1.472522
16:24:59 3 0.850227 2.267525 1.474314
16:24:59 4 0.847615 2.256948 1.477433
16:24:59 5 0.846502 2.246069 1.477644
16:24:59 6 0.860817 2.262963 1.488188
16:24:59 7 0.859979 2.252884 1.487351
16:24:59 8 0.855159 2.243890 1.491233
16:24:59 9 1.131740 2.364038 1.566131
16:24:59 10 1.133116 2.364846 1.570280
16:24:59 11 1.127954 2.369882 1.569990
16:24:59 12 1.153074 2.395010 1.591097
16:24:59 13 0.853391 2.265661 1.499915
16:24:59 14 1.140257 2.391462 1.574616
16:24:59 15 1.139372 2.385352 1.576273
16:24:59 16 1.139469 2.395392 1.577442
16:24:59 17 1.162452 2.418348 1.597519
16:24:59 18 0.873206 2.274716 1.491965
16:24:59 19 0.869156 2.275782 1.491950
16:25:00 20 0.867910 2.267554 1.490081
16:25:00 21 0.863788 2.253090 1.485187
16:25:00 22 0.864263 2.244945 1.484165
16:25:00 23 1.150398 2.373717 1.569027
16:25:00 24 0.849950 2.241455 1.472675
16:25:00 25 0.842593 2.245369 1.476752
16:25:00 26 1.121748 2.360353 1.550455
16:25:00 27 1.142050 2.368860 1.563036
16:25:00 28 1.156682 2.392357 1.571790
16:25:00 29 0.866929 2.273843 1.493648
16:25:00 30 0.864010 2.273932 1.492398
16:25:00 31 1.154311 2.392418 1.569117
16:25:00 32 1.158229 2.383176 1.569826
16:25:00 33 1.160701 2.377866 1.574093
16:25:00 34 1.163450 2.369259 1.574126
16:25:00 35 1.154235 2.370756 1.572293
16:25:00 36 1.153289 2.377934 1.573349
16:25:00 37 0.868496 2.267145 1.482744
16:25:00 38 0.869810 2.267297 1.481225
16:25:00 39 0.865539 2.266120 1.484508
16:25:00 40 1.151706 2.416236 1.572803
16:25:00 41 1.146837 2.421067 1.574374
16:25:00 42 1.161798 2.455673 1.598220
16:25:00 43 1.153263 2.452140 1.595803
16:25:00 44 0.857261 2.307004 1.497210
16:25:00 45 0.857914 2.297989 1.499105
16:25:00 46 0.863234 2.286146 1.493885
16:25:00 47 0.876388 2.309297 1.495952
16:25:00 48 0.877168 2.297892 1.495932
16:25:00 49 0.867799 2.289735 1.495181
16:25:00 50 0.868032 2.279182 1.495084
16:25:00 51 0.875100 2.306528 1.497802
16:25:00 52 1.060871 2.182060 1.220152
16:25:00 53 0.885126 2.328941 1.516993
16:25:00 54 0.879776 2.324750 1.517997
16:25:00 55 0.879415 2.310350 1.515029
16:25:00 56 0.879200 2.310460 1.512919
16:25:01 57 0.871141 2.301786 1.487898
16:25:01 58 0.870817 2.290180 1.489439
16:25:01 59 0.881709 2.298504 1.502667
16:25:01 60 0.877244 2.295548 1.499484
16:25:01 61 0.867612 2.294680 1.485121
16:25:01 62 0.860560 2.293151 1.486520
16:25:01 63 0.872623 2.310310 1.500409
16:25:01 64 0.869933 2.307138 1.497228
16:25:01 65 0.860365 2.310733 1.481041
16:25:01 66 0.857500 2.308990 1.479324
16:25:01 67 0.854196 2.306002 1.475014
16:25:01 68 0.869877 2.331245 1.476638
16:25:01 69 0.866180 2.317862 1.476327
16:25:01 70 0.866766 2.309998 1.480617
16:25:01 71 0.861383 2.307040 1.480854
16:25:01 72 0.853418 2.319273 1.467984
16:25:01 73 0.840499 2.317720 1.451935
16:25:01 74 0.838813 2.315091 1.455843
16:25:01 75 0.846588 2.338350 1.454718
16:25:01 76 0.865837 2.358453 1.454170
16:25:01 77 0.867769 2.346985 1.453829
16:25:01 78 0.862837 2.343487 1.455290
16:25:01 79 0.882290 2.356261 1.475003
16:25:01 80 0.895088 2.379566 1.492932
16:25:01 81 0.888475 2.373684 1.493369
16:25:01 82 0.886005 2.363715 1.498594
16:25:01 83 0.885045 2.349384 1.498173
16:25:01 84 0.900580 2.353749 1.509213
16:25:01 85 0.897055 2.342769 1.511059
16:25:01 86 0.906258 2.342404 1.516487
16:25:01 87 1.070485 2.184609 1.223177
16:25:01 88 1.067748 2.196678 1.225035
16:25:01 89 1.070137 2.202024 1.226378
16:25:01 90 1.064491 2.203802 1.228630
16:25:01 91 1.058300 2.204755 1.232092
16:25:01 92 1.054935 2.217587 1.233254
16:25:02 93 1.578113 2.393642 1.218447
16:25:02 94 1.572439 2.393458 1.219940
16:25:02 95 1.050772 2.240876 1.235376
16:25:02 96 1.051448 2.248933 1.237225
16:25:02 97 1.061595 2.263560 1.235320
16:25:02 98 1.055952 2.266573 1.239728
16:25:02 99 1.054097 2.264043 1.240156
16:25:02 100 1.058374 2.264159 1.238441
16:25:02 101 1.065750 2.264022 1.235608
16:25:02 102 1.065552 2.249712 1.236164
16:25:02 103 1.066279 2.237959 1.226068
16:25:02 104 1.064601 2.234784 1.222518
16:25:02 105 0.900423 2.372227 1.515807
16:25:02 106 0.897515 2.361029 1.517408
16:25:02 107 0.896515 2.347228 1.511358
16:25:02 108 0.893900 2.333305 1.512777
16:25:02 109 0.889403 2.331290 1.508049
16:25:02 110 0.879485 2.328379 1.509360
16:25:02 111 0.874685 2.325797 1.508425
16:25:02 112 0.881861 2.341249 1.502564
16:25:02 113 0.886926 2.328341 1.501541
16:25:02 114 0.882353 2.337170 1.485056
16:25:02 115 0.879480 2.336699 1.486745
16:25:02 116 0.869136 2.344255 1.476210
16:25:02 117 0.884335 2.356782 1.500259
16:25:02 118 0.879826 2.354390 1.499397
16:25:02 119 0.878633 2.339593 1.499528
16:25:02 120 0.883793 2.370389 1.504023
16:25:02 121 0.881058 2.362283 1.508061
16:25:02 122 0.895714 2.379933 1.515329
16:25:02 123 0.893640 2.360893 1.511435
16:25:02 124 0.891169 2.345223 1.509213
16:25:02 125 0.888567 2.343615 1.511591
16:25:02 126 0.885662 2.335785 1.516548
16:25:02 127 0.878925 2.333042 1.516500
16:25:02 128 0.875214 2.326564 1.512306
16:25:02 129 0.878293 2.328328 1.513253
16:25:03 130 0.873850 2.325417 1.513281
16:25:03 131 0.869492 2.312466 1.514358
16:25:03 132 0.869046 2.297912 1.511531
16:25:03 133 0.868264 2.296455 1.511394
16:25:03 134 1.047303 2.175965 1.228812
16:25:03 135 1.046869 2.161632 1.231048
16:25:03 136 1.039461 2.164857 1.237591
16:25:03 137 1.155780 2.456076 1.614751
16:25:03 138 1.148193 2.455922 1.614605
16:25:03 139 1.148657 2.442125 1.612064
16:25:03 140 1.152945 2.455681 1.608506
16:25:03 141 1.568340 2.325701 1.223791
16:25:03 142 0.869355 2.314601 1.524185
16:25:03 143 0.867585 2.304490 1.521842
16:25:03 144 0.866415 2.308101 1.522051
16:25:03 145 0.860879 2.297782 1.522087
16:25:03 146 0.864324 2.289846 1.519453
16:25:03 147 0.861232 2.292214 1.520277
16:25:03 148 0.851211 2.291307 1.503098
16:25:03 149 0.869958 2.316231 1.516140
16:25:03 150 0.863173 2.311746 1.516117
16:25:03 151 0.858172 2.309695 1.516983
16:25:03 152 0.851404 2.318371 1.501064
16:25:03 153 0.848674 2.314034 1.497785
16:25:03 154 0.846297 2.313915 1.500174
16:25:03 155 0.845886 2.315805 1.499252
16:25:03 156 0.845447 2.312367 1.497227
16:25:03 157 0.838793 2.307890 1.499078
16:25:03 158 0.836071 2.306895 1.500261
16:25:03 159 0.843602 2.340078 1.502235
16:25:03 160 0.836150 2.347996 1.486135
16:25:03 161 0.838695 2.336209 1.490492
16:25:03 162 0.828340 2.343319 1.478088
16:25:03 163 0.829799 2.328638 1.482763
16:25:03 164 0.828052 2.326720 1.482071
16:25:03 165 0.832128 2.324825 1.480085
16:25:04 166 0.836580 2.350123 1.475900
16:25:04 167 0.839262 2.334715 1.472308
16:25:04 168 0.831345 2.333761 1.457091
16:25:04 169 0.830804 2.320223 1.459996
16:25:04 170 0.848050 2.340253 1.476380
16:25:04 171 0.845117 2.337178 1.479464
16:25:04 172 0.864704 2.345268 1.490194
16:25:04 173 0.859908 2.343395 1.479282
16:25:04 174 0.860040 2.330780 1.480507
16:25:04 175 0.852278 2.328618 1.467280
16:25:04 176 0.844379 2.332530 1.449880
16:25:04 177 0.842976 2.329039 1.450194
16:25:04 178 0.863684 2.337142 1.465777
16:25:04 179 0.855210 2.350625 1.448845
16:25:04 180 0.852492 2.339050 1.450715
16:25:04 181 0.856443 2.325748 1.453999
16:25:04 182 0.855177 2.316986 1.460785
16:25:04 183 0.851655 2.312336 1.461299
16:25:04 184 0.851648 2.302471 1.463499
16:25:04 185 0.853910 2.293036 1.467642
16:25:04 186 0.850033 2.290802 1.468693
16:25:04 187 0.851243 2.277776 1.469937
16:25:04 188 0.849666 2.277357 1.469080
16:25:04 189 0.847212 2.269071 1.475386
16:25:04 190 0.842958 2.268422 1.477229
16:25:04 191 0.845682 2.260466 1.480098
16:25:04 192 1.123038 2.391837 1.556543
16:25:04 193 0.844691 2.257551 1.482943
16:25:04 194 1.116586 2.384457 1.553868
16:25:04 195 1.118555 2.377374 1.552926
16:25:04 196 1.121341 2.386178 1.555991
16:25:04 197 1.119338 2.379103 1.553552
16:25:04 198 1.116352 2.382995 1.553200
16:25:04 199 1.117784 2.377177 1.553177
16:25:04 200 1.138690 2.405951 1.568325
16:25:04 201 1.164103 2.445104 1.593217
16:25:04 202 1.159254 2.446918 1.596641
16:25:05 203 1.154470 2.442698 1.593579
16:25:05 204 1.570770 2.346396 1.213458
16:25:05 205 1.572679 2.348504 1.210440
16:25:05 206 1.157568 2.459685 1.590419
16:25:05 207 1.155424 2.456913 1.589868
16:25:05 208 1.153373 2.460140 1.591623
16:25:05 209 1.149814 2.457947 1.590133
16:25:05 210 1.150122 2.460877 1.591573
16:25:05 211 1.161754 2.484693 1.611420
16:25:05 212 1.564744 2.352419 1.212573
16:25:05 213 1.559786 2.357368 1.213355
16:25:05 214 1.157075 2.460783 1.610246
16:25:05 215 1.157245 2.445053 1.607138
16:25:05 216 1.155460 2.434417 1.604573
16:25:05 217 1.572037 2.335977 1.211588
16:25:05 218 1.569332 2.327653 1.215480
16:25:05 219 1.570409 2.315012 1.216568
16:25:05 220 1.566389 2.320934 1.215707
16:25:05 221 1.155803 2.445956 1.612700
16:25:05 222 1.157236 2.436839 1.610744
16:25:05 223 1.156602 2.441793 1.608807
16:25:05 224 1.142532 2.442316 1.585742
16:25:05 225 1.138930 2.441725 1.583194
16:25:05 226 1.137371 2.445921 1.583197
16:25:05 227 1.136611 2.448072 1.584641
16:25:05 228 1.150700 2.476783 1.605974
16:25:05 229 1.147317 2.474759 1.603214
16:25:05 230 1.560148 2.389324 1.206890
16:25:05 231 1.561949 2.371360 1.207881
16:25:05 232 1.562498 2.360438 1.209052
16:25:05 233 1.150314 2.473583 1.601873
16:25:05 234 1.147175 2.474302 1.600926
16:25:05 235 1.155007 2.463178 1.601878
16:25:05 236 1.150674 2.460747 1.600334
16:25:05 237 1.133589 2.458923 1.583213
16:25:05 238 1.131526 2.459626 1.583529
16:25:06 239 1.130106 2.446739 1.580978
16:25:06 240 1.127358 2.449557 1.581071
16:25:06 241 1.106863 2.445285 1.558145
16:25:06 242 0.823276 2.287427 1.464156
16:25:06 243 0.821771 2.279653 1.468961
16:25:06 244 0.822888 2.281650 1.470428
16:25:06 245 0.822831 2.280409 1.471251
16:25:06 246 0.823302 2.282534 1.472257
16:25:06 247 1.100470 2.422202 1.554079
16:25:06 248 0.820422 2.276296 1.459212
16:25:06 249 0.821569 2.278349 1.461779
16:25:06 250 0.814018 2.287264 1.445522
16:25:06 251 0.838631 2.299312 1.463654
16:25:06 252 0.837843 2.301377 1.468131
16:25:06 253 0.828222 2.310723 1.450663
16:25:06 254 0.843309 2.326363 1.462898
16:25:06 255 0.859538 2.348110 1.478352
16:25:06 0 0.854122 2.343103 1.478395
16:25:06 1 0.856454 2.342043 1.477164
16:25:06 2 0.868310 2.360818 1.497430
16:25:06 3 0.869972 2.347483 1.493687
16:25:06 4 0.867655 2.334178 1.495272
16:25:06 5 0.864746 2.333175 1.480180
16:25:06 6 0.863699 2.329619 1.481847
16:25:06 7 0.855466 2.328374 1.472976
16:25:06 8 0.856991 2.315406 1.472991
16:25:06 9 0.856372 2.316150 1.477361
16:25:06 10 0.853359 2.314059 1.477729
16:25:06 11 0.853017 2.304646 1.479743
16:25:06 12 0.852426 2.292223 1.481251
16:25:06 13 0.850148 2.291803 1.481379
16:25:06 14 0.849063 2.294608 1.482252
16:25:06 15 0.850618 2.286613 1.485740
16:25:06 16 0.846397 2.281343 1.484827
16:25:06 17 0.841278 2.283403 1.490695
16:25:06 18 0.838771 2.286870 1.494541
16:25:06 19 0.856691 2.301990 1.511116
16:25:07 20 1.131313 2.456054 1.592123
16:25:07 21 1.126690 2.454736 1.591306
16:25:07 22 1.128062 2.448239 1.593491
16:25:07 23 1.153451 2.468850 1.614315
16:25:07 24 1.147340 2.466107 1.612238
16:25:07 25 1.552879 2.366279 1.222782
16:25:07 26 1.550070 2.371993 1.222312
16:25:07 27 1.557753 2.354328 1.219177
16:25:07 28 1.564735 2.336667 1.216089
16:25:07 29 1.563131 2.341938 1.215069
16:25:07 30 1.560947 2.341208 1.215575
16:25:07 31 1.148268 2.455499 1.613000
16:25:07 32 1.157534 2.488720 1.611161
16:25:07 33 1.142447 2.483578 1.587498
16:25:07 34 1.140580 2.483887 1.589542
16:25:07 35 1.146124 2.474901 1.590540
16:25:07 36 1.142302 2.455811 1.590482
16:25:07 37 1.120428 2.454085 1.568533
16:25:07 38 0.833474 2.315508 1.474500
16:25:07 39 0.829842 2.300353 1.477181
16:25:07 40 0.823931 2.297831 1.476488
16:25:07 41 1.099117 2.441510 1.552532
16:25:07 42 1.126578 2.476457 1.576267
16:25:07 43 1.129589 2.465400 1.578133
16:25:07 44 0.861969 2.336350 1.496316
16:25:07 45 0.849419 2.341058 1.482492
16:25:07 46 0.848141 2.341444 1.482252
16:25:07 47 0.867084 2.364582 1.494747
16:25:07 48 0.867094 2.351681 1.493924
16:25:07 49 0.862683 2.353294 1.500815
16:25:07 50 0.852475 2.358056 1.486190
16:25:07 51 0.843249 2.356836 1.479804
16:25:07 52 0.841392 2.355004 1.481310
16:25:07 53 0.834957 2.349352 1.482633
16:25:07 54 0.833845 2.335707 1.483456
16:25:07 55 0.853600 2.340103 1.493337
16:25:08 56 0.855968 2.339282 1.492725
16:25:08 57 0.852437 2.331901 1.491304
16:25:08 58 0.846690 2.331896 1.479888
16:25:08 59 0.849937 2.318881 1.478855
16:25:08 60 0.851157 2.306927 1.479351
16:25:08 61 0.862743 2.324485 1.493981
16:25:08 62 0.861318 2.311374 1.490968
16:25:08 63 0.859728 2.299203 1.492129
16:25:08 64 0.861064 2.299409 1.488409
16:25:08 65 0.850036 2.311661 1.474391
16:25:08 66 0.850812 2.302961 1.475954
16:25:08 67 0.873809 2.319212 1.492650
16:25:08 68 0.869344 2.321437 1.493691
16:25:08 69 0.867463 2.319721 1.492225
16:25:08 70 0.864022 2.308630 1.493730
16:25:08 71 0.863693 2.298063 1.491164
16:25:08 72 0.875743 2.317454 1.506012
16:25:08 73 0.872661 2.318578 1.510288
16:25:08 74 0.876581 2.307510 1.507353
16:25:08 75 0.872358 2.307755 1.511858
16:25:08 76 0.867192 2.307428 1.513675
16:25:08 77 1.151844 2.459364 1.598387
16:25:08 78 1.571879 2.339182 1.217999
16:25:08 79 1.567666 2.343079 1.218237
16:25:08 80 1.564737 2.349902 1.217880
16:25:08 81 0.863828 2.318733 1.513040
16:25:08 82 0.867811 2.304187 1.507794
16:25:08 83 0.876779 2.324410 1.523398
16:25:08 84 1.161550 2.487437 1.611585
16:25:08 85 1.157684 2.485479 1.610363
16:25:08 86 1.159436 2.471645 1.609851
16:25:08 87 1.152444 2.466576 1.605805
16:25:08 88 1.150668 2.470533 1.607375
16:25:08 89 1.149162 2.456273 1.604882
16:25:08 90 1.138197 2.441811 1.585995
16:25:08 91 1.137275 2.449625 1.589896
16:25:08 92 1.128093 2.444520 1.588004
16:25:09 93 1.127725 2.432762 1.586825
16:25:09 94 1.149646 2.449143 1.606987
16:25:09 95 1.150768 2.433130 1.604265
16:25:09 96 1.153417 2.439248 1.604874
16:25:09 97 1.571666 2.327149 1.217631
16:25:09 98 1.162356 2.448396 1.609074
16:25:09 99 1.577488 2.335348 1.216411
16:25:09 100 1.571506 2.341349 1.218009
16:25:09 101 1.572197 2.330189 1.218462
16:25:09 102 1.581806 2.337321 1.217113
16:25:09 103 1.582239 2.323005 1.217712
16:25:09 104 1.576602 2.329366 1.218463
16:25:09 105 1.172081 2.460787 1.615267
16:25:09 106 1.164405 2.447938 1.597370
16:25:09 107 1.580935 2.328521 1.217966
16:25:09 108 0.882646 2.322313 1.525865
16:25:09 109 1.170893 2.474205 1.608860
16:25:09 110 1.169870 2.463188 1.611771
16:25:09 111 1.165003 2.461649 1.611768
16:25:09 112 1.568028 2.349689 1.220337
16:25:09 113 1.565439 2.355668 1.219828
16:25:09 114 1.572541 2.337763 1.217252
16:25:09 115 1.575191 2.321054 1.216740
16:25:09 116 1.574529 2.322673 1.215170
16:25:09 117 1.573775 2.327906 1.212806
16:25:09 118 1.167769 2.444050 1.606498
16:25:09 119 1.167140 2.453224 1.611794
16:25:09 120 1.163589 2.453367 1.607205
16:25:09 121 1.155476 2.451785 1.604302
16:25:09 122 1.157255 2.442004 1.603089
16:25:09 123 1.163373 2.431535 1.601444
16:25:09 124 1.156190 2.430669 1.598599
16:25:09 125 1.150238 2.430866 1.594338
16:25:09 126 1.152467 2.421173 1.591192
16:25:09 127 1.580499 2.303620 1.209602
16:25:09 128 1.170945 2.436247 1.606352
16:25:10 129 1.170451 2.440898 1.608872
16:25:10 130 1.578651 2.302032 1.208594
16:25:10 131 1.148620 2.428233 1.585659
16:25:10 132 0.865444 2.297270 1.494150
16:25:10 133 0.863018 2.294295 1.493086
16:25:10 134 1.148157 2.443382 1.582636
16:25:10 135 1.170148 2.480991 1.608315
16:25:10 136 1.175354 2.470012 1.607123
16:25:10 137 1.578060 2.358464 1.210740
16:25:10 138 1.584887 2.341337 1.208094
16:25:10 139 1.587781 2.325313 1.208073
16:25:10 140 1.581505 2.327677 1.210048
16:25:10 141 1.577524 2.334164 1.209839
16:25:10 142 0.887048 2.314605 1.511345
16:25:10 143 0.888253 2.305482 1.511117
16:25:10 144 0.885075 2.303001 1.507943
16:25:10 145 1.581259 2.358041 1.210015
16:25:10 146 1.577224 2.343548 1.214543
16:25:10 147 1.583308 2.350094 1.214867
16:25:10 148 1.580376 2.352341 1.214895
16:25:10 149 1.573100 2.356835 1.216746
16:25:10 150 1.573693 2.342467 1.217530
16:25:10 151 1.569286 2.345946 1.217312
16:25:10 152 1.567218 2.374025 1.218464
16:25:10 153 1.570310 2.356491 1.217979
16:25:10 154 1.048801 2.173460 1.235971
16:25:10 155 0.878030 2.315824 1.515414
16:25:10 156 1.055892 2.186557 1.235182
16:25:10 157 0.887983 2.323308 1.526865
16:25:10 158 0.882850 2.322339 1.524984
16:25:10 159 0.878605 2.321680 1.526029
16:25:10 160 0.878283 2.312058 1.523782
16:25:10 161 1.045707 2.189064 1.242735
16:25:10 162 1.043650 2.188235 1.242086
16:25:10 163 1.565906 2.377591 1.220925
16:25:10 164 1.567813 2.360342 1.221055
16:25:10 165 1.566745 2.361809 1.219140
16:25:11 166 1.569391 2.390293 1.217006
16:25:11 167 1.573449 2.376032 1.216269
16:25:11 168 1.573572 2.395089 1.215895
16:25:11 169 1.573004 2.395438 1.214103
16:25:11 170 1.049931 2.205249 1.221847
16:25:11 171 1.055529 2.190911 1.217206
16:25:11 172 1.053936 2.189608 1.215652
16:25:11 173 1.052586 2.200127 1.216934
16:25:11 174 1.055103 2.190095 1.215346
16:25:11 175 1.058439 2.172801 1.209943
16:25:11 176 1.056637 2.188830 1.211504
16:25:11 177 1.055800 2.188058 1.209566
16:25:11 178 1.055478 2.196982 1.207228
16:25:11 179 1.055553 2.193120 1.200903
16:25:11 180 1.049390 2.192460 1.204393
16:25:11 181 1.959158 2.164939 1.444857
16:25:11 182 1.960069 2.150297 1.443146
16:25:11 183 1.578883 2.402248 1.206819
16:25:11 184 1.056373 2.219085 1.213477
16:25:11 185 1.052305 2.219513 1.217168
16:25:11 186 1.053035 2.217223 1.218511
16:25:11 187 1.054209 2.204553 1.220099
16:25:11 188 1.052750 2.203293 1.219380
16:25:11 189 1.050002 2.218408 1.223907
16:25:11 190 1.051144 2.209560 1.225382
16:25:11 191 1.045322 2.213776 1.232925
16:25:11 192 1.039898 2.215489 1.236734
16:25:11 193 1.045563 2.231054 1.234194
16:25:11 194 1.047188 2.229699 1.235777
16:25:11 195 1.046508 2.215181 1.238150
16:25:11 196 1.050841 2.198236 1.234622
16:25:11 197 1.049436 2.198851 1.235292
16:25:11 198 1.048239 2.189568 1.236412
16:25:11 199 1.572376 2.352481 1.220495
16:25:11 200 1.566632 2.356540 1.221521
16:25:11 201 1.563679 2.364118 1.220766
16:25:12 202 1.566135 2.348896 1.219773
16:25:12 203 1.046668 2.157283 1.235321
16:25:12 204 1.044047 2.161140 1.236010
16:25:12 205 0.872466 2.317772 1.523750
16:25:12 206 0.870830 2.317580 1.520779
16:25:12 207 1.043846 2.192950 1.236705
16:25:12 208 1.041903 2.190008 1.234400
16:25:12 209 0.875669 2.325872 1.524001
16:25:12 210 1.044237 2.198909 1.227174
16:25:12 211 1.045262 2.187415 1.228334
16:25:12 212 1.044966 2.186432 1.224431
16:25:12 213 1.040453 2.187344 1.226669
16:25:12 214 1.040934 2.179402 1.218061
16:25:12 215 1.051659 2.195351 1.216633
16:25:12 216 0.886335 2.334346 1.504402
16:25:12 217 0.885858 2.321808 1.504145
16:25:12 218 0.884683 2.321666 1.505859
16:25:12 219 0.883712 2.308258 1.502558
16:25:12 220 1.063867 2.169713 1.212501
16:25:12 221 1.058389 2.171441 1.214931
16:25:12 222 1.055516 2.180016 1.215287
16:25:12 223 1.054044 2.170028 1.217398
16:25:12 224 1.055278 2.160064 1.218880
16:25:12 225 1.055535 2.147582 1.221267
16:25:12 226 1.053771 2.149488 1.219849
16:25:12 227 1.576486 2.355945 1.213691
16:25:12 228 1.579816 2.339344 1.212832
16:25:12 229 1.581127 2.322470 1.214336
16:25:12 230 1.575601 2.327930 1.215155
16:25:12 231 1.580304 2.316976 1.213333
16:25:12 232 1.584908 2.325023 1.213195
16:25:12 233 1.586598 2.310241 1.214350
16:25:12 234 0.886549 2.299835 1.517258
16:25:12 235 0.873761 2.310148 1.506917
16:25:12 236 0.867784 2.308852 1.492486
16:25:12 237 0.880518 2.320716 1.513702
16:25:12 238 0.868966 2.319680 1.517440
16:25:13 239 0.865459 2.316885 1.516137
16:25:13 240 0.860032 2.315405 1.516188
16:25:13 241 1.140522 2.458680 1.596118
16:25:13 242 0.854460 2.312544 1.520323
16:25:13 243 0.855541 2.311425 1.516100
16:25:13 244 0.855235 2.300397 1.519231
16:25:13 245 0.848837 2.306645 1.500263
16:25:13 246 0.852829 2.332303 1.497558
16:25:13 247 0.848993 2.333008 1.484907
16:25:13 248 0.844660 2.318995 1.487159
16:25:13 249 0.838591 2.317255 1.491155
16:25:13 250 0.834963 2.315639 1.496304
16:25:13 251 0.831980 2.312694 1.498540
16:25:13 252 0.836548 2.301908 1.500980
16:25:13 253 0.842655 2.290906 1.496821
16:25:13 254 0.858321 2.317790 1.516768
16:25:13 255 0.855748 2.306320 1.515431
16:25:13 0 0.868016 2.329229 1.518633
16:25:13 1 0.864814 2.326187 1.515000
16:25:13 2 0.863799 2.326260 1.514166
16:25:13 3 0.862703 2.317717 1.511676
16:25:13 4 0.862740 2.315553 1.505360
16:25:13 5 0.858031 2.311623 1.502570
16:25:13 6 0.857770 2.311387 1.502429
16:25:13 7 0.866778 2.314860 1.515292
16:25:13 8 0.860191 2.309761 1.500665
16:25:13 9 0.857594 2.307761 1.499463
16:25:13 10 0.867585 2.331289 1.520424
16:25:13 11 1.158302 2.482277 1.606307
16:25:13 12 1.564330 2.376282 1.218497
16:25:13 13 1.557043 2.380478 1.220589
16:25:13 14 1.557973 2.369217 1.221072
16:25:13 15 1.559022 2.357930 1.222098
16:25:13 16 0.862034 2.331848 1.518055
16:25:13 17 0.851224 2.337770 1.502897
16:25:13 18 0.851738 2.326766 1.502304
16:25:13 19 0.854023 2.319803 1.502452
16:25:14 20 0.850702 2.317695 1.500092
